Task ID, Job ID, BCCT, WCCT, BCRT, WCRT
0, 0, 12964, 55300, 12964, 55300
0, 1, 0, 9223372036854775807, 0, 9223372036854675807
0, 2, 0, 9223372036854775807, 0, 9223372036854575807
0, 3, 0, 9223372036854775807, 0, 9223372036854475807
0, 4, 0, 9223372036854775807, 0, 9223372036854375807
0, 5, 0, 9223372036854775807, 0, 9223372036854275807
0, 6, 0, 9223372036854775807, 0, 9223372036854175807
0, 7, 0, 9223372036854775807, 0, 9223372036854075807
0, 8, 0, 9223372036854775807, 0, 9223372036853975807
0, 9, 0, 9223372036854775807, 0, 9223372036853875807
0, 10, 0, 9223372036854775807, 0, 9223372036853775807
0, 11, 0, 9223372036854775807, 0, 9223372036853675807
0, 12, 0, 9223372036854775807, 0, 9223372036853575807
0, 13, 0, 9223372036854775807, 0, 9223372036853475807
0, 14, 0, 9223372036854775807, 0, 9223372036853375807
0, 15, 0, 9223372036854775807, 0, 9223372036853275807
0, 16, 0, 9223372036854775807, 0, 9223372036853175807
0, 17, 0, 9223372036854775807, 0, 9223372036853075807
0, 18, 0, 9223372036854775807, 0, 9223372036852975807
0, 19, 0, 9223372036854775807, 0, 9223372036852875807
0, 20, 0, 9223372036854775807, 0, 9223372036852775807
0, 21, 0, 9223372036854775807, 0, 9223372036852675807
0, 22, 0, 9223372036854775807, 0, 9223372036852575807
0, 23, 0, 9223372036854775807, 0, 9223372036852475807
0, 24, 0, 9223372036854775807, 0, 9223372036852375807
0, 25, 0, 9223372036854775807, 0, 9223372036852275807
0, 26, 0, 9223372036854775807, 0, 9223372036852175807
0, 27, 0, 9223372036854775807, 0, 9223372036852075807
0, 28, 0, 9223372036854775807, 0, 9223372036851975807
0, 29, 0, 9223372036854775807, 0, 9223372036851875807
0, 30, 0, 9223372036854775807, 0, 9223372036851775807
0, 31, 0, 9223372036854775807, 0, 9223372036851675807
0, 32, 0, 9223372036854775807, 0, 9223372036851575807
0, 33, 0, 9223372036854775807, 0, 9223372036851475807
0, 34, 0, 9223372036854775807, 0, 9223372036851375807
0, 35, 0, 9223372036854775807, 0, 9223372036851275807
0, 36, 0, 9223372036854775807, 0, 9223372036851175807
0, 37, 0, 9223372036854775807, 0, 9223372036851075807
0, 38, 0, 9223372036854775807, 0, 9223372036850975807
0, 39, 0, 9223372036854775807, 0, 9223372036850875807
0, 40, 0, 9223372036854775807, 0, 9223372036850775807
0, 41, 0, 9223372036854775807, 0, 9223372036850675807
0, 42, 0, 9223372036854775807, 0, 9223372036850575807
0, 43, 0, 9223372036854775807, 0, 9223372036850475807
0, 44, 0, 9223372036854775807, 0, 9223372036850375807
0, 45, 0, 9223372036854775807, 0, 9223372036850275807
0, 46, 0, 9223372036854775807, 0, 9223372036850175807
0, 47, 0, 9223372036854775807, 0, 9223372036850075807
0, 48, 0, 9223372036854775807, 0, 9223372036849975807
0, 49, 0, 9223372036854775807, 0, 9223372036849875807
0, 50, 0, 9223372036854775807, 0, 9223372036849775807
0, 51, 0, 9223372036854775807, 0, 9223372036849675807
0, 52, 0, 9223372036854775807, 0, 9223372036849575807
0, 53, 0, 9223372036854775807, 0, 9223372036849475807
0, 54, 0, 9223372036854775807, 0, 9223372036849375807
0, 55, 0, 9223372036854775807, 0, 9223372036849275807
0, 56, 0, 9223372036854775807, 0, 9223372036849175807
0, 57, 0, 9223372036854775807, 0, 9223372036849075807
0, 58, 0, 9223372036854775807, 0, 9223372036848975807
0, 59, 0, 9223372036854775807, 0, 9223372036848875807
0, 60, 0, 9223372036854775807, 0, 9223372036848775807
0, 61, 0, 9223372036854775807, 0, 9223372036848675807
0, 62, 0, 9223372036854775807, 0, 9223372036848575807
0, 63, 0, 9223372036854775807, 0, 9223372036848475807
0, 64, 0, 9223372036854775807, 0, 9223372036848375807
0, 65, 0, 9223372036854775807, 0, 9223372036848275807
0, 66, 0, 9223372036854775807, 0, 9223372036848175807
0, 67, 0, 9223372036854775807, 0, 9223372036848075807
0, 68, 0, 9223372036854775807, 0, 9223372036847975807
0, 69, 0, 9223372036854775807, 0, 9223372036847875807
0, 70, 0, 9223372036854775807, 0, 9223372036847775807
0, 71, 0, 9223372036854775807, 0, 9223372036847675807
0, 72, 0, 9223372036854775807, 0, 9223372036847575807
0, 73, 0, 9223372036854775807, 0, 9223372036847475807
0, 74, 0, 9223372036854775807, 0, 9223372036847375807
0, 75, 0, 9223372036854775807, 0, 9223372036847275807
0, 76, 0, 9223372036854775807, 0, 9223372036847175807
0, 77, 0, 9223372036854775807, 0, 9223372036847075807
0, 78, 0, 9223372036854775807, 0, 9223372036846975807
0, 79, 0, 9223372036854775807, 0, 9223372036846875807
0, 80, 0, 9223372036854775807, 0, 9223372036846775807
0, 81, 0, 9223372036854775807, 0, 9223372036846675807
0, 82, 0, 9223372036854775807, 0, 9223372036846575807
0, 83, 0, 9223372036854775807, 0, 9223372036846475807
0, 84, 0, 9223372036854775807, 0, 9223372036846375807
0, 85, 0, 9223372036854775807, 0, 9223372036846275807
0, 86, 0, 9223372036854775807, 0, 9223372036846175807
0, 87, 0, 9223372036854775807, 0, 9223372036846075807
0, 88, 0, 9223372036854775807, 0, 9223372036845975807
0, 89, 0, 9223372036854775807, 0, 9223372036845875807
0, 90, 0, 9223372036854775807, 0, 9223372036845775807
0, 91, 0, 9223372036854775807, 0, 9223372036845675807
0, 92, 0, 9223372036854775807, 0, 9223372036845575807
0, 93, 0, 9223372036854775807, 0, 9223372036845475807
0, 94, 0, 9223372036854775807, 0, 9223372036845375807
0, 95, 0, 9223372036854775807, 0, 9223372036845275807
0, 96, 0, 9223372036854775807, 0, 9223372036845175807
0, 97, 0, 9223372036854775807, 0, 9223372036845075807
0, 98, 0, 9223372036854775807, 0, 9223372036844975807
0, 99, 0, 9223372036854775807, 0, 9223372036844875807
0, 100, 0, 9223372036854775807, 0, 9223372036844775807
0, 101, 0, 9223372036854775807, 0, 9223372036844675807
0, 102, 0, 9223372036854775807, 0, 9223372036844575807
0, 103, 0, 9223372036854775807, 0, 9223372036844475807
0, 104, 0, 9223372036854775807, 0, 9223372036844375807
0, 105, 0, 9223372036854775807, 0, 9223372036844275807
0, 106, 0, 9223372036854775807, 0, 9223372036844175807
0, 107, 0, 9223372036854775807, 0, 9223372036844075807
0, 108, 0, 9223372036854775807, 0, 9223372036843975807
0, 109, 0, 9223372036854775807, 0, 9223372036843875807
0, 110, 0, 9223372036854775807, 0, 9223372036843775807
0, 111, 0, 9223372036854775807, 0, 9223372036843675807
0, 112, 0, 9223372036854775807, 0, 9223372036843575807
0, 113, 0, 9223372036854775807, 0, 9223372036843475807
0, 114, 0, 9223372036854775807, 0, 9223372036843375807
0, 115, 0, 9223372036854775807, 0, 9223372036843275807
0, 116, 0, 9223372036854775807, 0, 9223372036843175807
0, 117, 0, 9223372036854775807, 0, 9223372036843075807
0, 118, 0, 9223372036854775807, 0, 9223372036842975807
0, 119, 0, 9223372036854775807, 0, 9223372036842875807
0, 120, 0, 9223372036854775807, 0, 9223372036842775807
0, 121, 0, 9223372036854775807, 0, 9223372036842675807
0, 122, 0, 9223372036854775807, 0, 9223372036842575807
0, 123, 0, 9223372036854775807, 0, 9223372036842475807
0, 124, 0, 9223372036854775807, 0, 9223372036842375807
0, 125, 0, 9223372036854775807, 0, 9223372036842275807
0, 126, 0, 9223372036854775807, 0, 9223372036842175807
0, 127, 0, 9223372036854775807, 0, 9223372036842075807
0, 128, 0, 9223372036854775807, 0, 9223372036841975807
0, 129, 0, 9223372036854775807, 0, 9223372036841875807
0, 130, 0, 9223372036854775807, 0, 9223372036841775807
0, 131, 0, 9223372036854775807, 0, 9223372036841675807
0, 132, 0, 9223372036854775807, 0, 9223372036841575807
0, 133, 0, 9223372036854775807, 0, 9223372036841475807
0, 134, 0, 9223372036854775807, 0, 9223372036841375807
0, 135, 0, 9223372036854775807, 0, 9223372036841275807
0, 136, 0, 9223372036854775807, 0, 9223372036841175807
0, 137, 0, 9223372036854775807, 0, 9223372036841075807
0, 138, 0, 9223372036854775807, 0, 9223372036840975807
0, 139, 0, 9223372036854775807, 0, 9223372036840875807
0, 140, 0, 9223372036854775807, 0, 9223372036840775807
0, 141, 0, 9223372036854775807, 0, 9223372036840675807
0, 142, 0, 9223372036854775807, 0, 9223372036840575807
0, 143, 0, 9223372036854775807, 0, 9223372036840475807
0, 144, 0, 9223372036854775807, 0, 9223372036840375807
0, 145, 0, 9223372036854775807, 0, 9223372036840275807
0, 146, 0, 9223372036854775807, 0, 9223372036840175807
0, 147, 0, 9223372036854775807, 0, 9223372036840075807
0, 148, 0, 9223372036854775807, 0, 9223372036839975807
0, 149, 0, 9223372036854775807, 0, 9223372036839875807
0, 150, 0, 9223372036854775807, 0, 9223372036839775807
0, 151, 0, 9223372036854775807, 0, 9223372036839675807
0, 152, 0, 9223372036854775807, 0, 9223372036839575807
0, 153, 0, 9223372036854775807, 0, 9223372036839475807
0, 154, 0, 9223372036854775807, 0, 9223372036839375807
0, 155, 0, 9223372036854775807, 0, 9223372036839275807
0, 156, 0, 9223372036854775807, 0, 9223372036839175807
0, 157, 0, 9223372036854775807, 0, 9223372036839075807
0, 158, 0, 9223372036854775807, 0, 9223372036838975807
0, 159, 0, 9223372036854775807, 0, 9223372036838875807
0, 160, 0, 9223372036854775807, 0, 9223372036838775807
0, 161, 0, 9223372036854775807, 0, 9223372036838675807
0, 162, 0, 9223372036854775807, 0, 9223372036838575807
0, 163, 0, 9223372036854775807, 0, 9223372036838475807
0, 164, 0, 9223372036854775807, 0, 9223372036838375807
0, 165, 0, 9223372036854775807, 0, 9223372036838275807
0, 166, 0, 9223372036854775807, 0, 9223372036838175807
0, 167, 0, 9223372036854775807, 0, 9223372036838075807
0, 168, 0, 9223372036854775807, 0, 9223372036837975807
0, 169, 0, 9223372036854775807, 0, 9223372036837875807
0, 170, 0, 9223372036854775807, 0, 9223372036837775807
0, 171, 0, 9223372036854775807, 0, 9223372036837675807
0, 172, 0, 9223372036854775807, 0, 9223372036837575807
0, 173, 0, 9223372036854775807, 0, 9223372036837475807
0, 174, 0, 9223372036854775807, 0, 9223372036837375807
0, 175, 0, 9223372036854775807, 0, 9223372036837275807
0, 176, 0, 9223372036854775807, 0, 9223372036837175807
0, 177, 0, 9223372036854775807, 0, 9223372036837075807
0, 178, 0, 9223372036854775807, 0, 9223372036836975807
0, 179, 0, 9223372036854775807, 0, 9223372036836875807
0, 180, 0, 9223372036854775807, 0, 9223372036836775807
0, 181, 0, 9223372036854775807, 0, 9223372036836675807
0, 182, 0, 9223372036854775807, 0, 9223372036836575807
0, 183, 0, 9223372036854775807, 0, 9223372036836475807
0, 184, 0, 9223372036854775807, 0, 9223372036836375807
0, 185, 0, 9223372036854775807, 0, 9223372036836275807
0, 186, 0, 9223372036854775807, 0, 9223372036836175807
0, 187, 0, 9223372036854775807, 0, 9223372036836075807
0, 188, 0, 9223372036854775807, 0, 9223372036835975807
0, 189, 0, 9223372036854775807, 0, 9223372036835875807
0, 190, 0, 9223372036854775807, 0, 9223372036835775807
0, 191, 0, 9223372036854775807, 0, 9223372036835675807
0, 192, 0, 9223372036854775807, 0, 9223372036835575807
0, 193, 0, 9223372036854775807, 0, 9223372036835475807
0, 194, 0, 9223372036854775807, 0, 9223372036835375807
0, 195, 0, 9223372036854775807, 0, 9223372036835275807
0, 196, 0, 9223372036854775807, 0, 9223372036835175807
0, 197, 0, 9223372036854775807, 0, 9223372036835075807
0, 198, 0, 9223372036854775807, 0, 9223372036834975807
0, 199, 0, 9223372036854775807, 0, 9223372036834875807
0, 200, 0, 9223372036854775807, 0, 9223372036834775807
0, 201, 0, 9223372036854775807, 0, 9223372036834675807
0, 202, 0, 9223372036854775807, 0, 9223372036834575807
0, 203, 0, 9223372036854775807, 0, 9223372036834475807
0, 204, 0, 9223372036854775807, 0, 9223372036834375807
0, 205, 0, 9223372036854775807, 0, 9223372036834275807
0, 206, 0, 9223372036854775807, 0, 9223372036834175807
0, 207, 0, 9223372036854775807, 0, 9223372036834075807
0, 208, 0, 9223372036854775807, 0, 9223372036833975807
0, 209, 0, 9223372036854775807, 0, 9223372036833875807
0, 210, 0, 9223372036854775807, 0, 9223372036833775807
0, 211, 0, 9223372036854775807, 0, 9223372036833675807
0, 212, 0, 9223372036854775807, 0, 9223372036833575807
0, 213, 0, 9223372036854775807, 0, 9223372036833475807
0, 214, 0, 9223372036854775807, 0, 9223372036833375807
0, 215, 0, 9223372036854775807, 0, 9223372036833275807
0, 216, 0, 9223372036854775807, 0, 9223372036833175807
0, 217, 0, 9223372036854775807, 0, 9223372036833075807
0, 218, 0, 9223372036854775807, 0, 9223372036832975807
0, 219, 0, 9223372036854775807, 0, 9223372036832875807
0, 220, 0, 9223372036854775807, 0, 9223372036832775807
0, 221, 0, 9223372036854775807, 0, 9223372036832675807
0, 222, 0, 9223372036854775807, 0, 9223372036832575807
0, 223, 0, 9223372036854775807, 0, 9223372036832475807
0, 224, 0, 9223372036854775807, 0, 9223372036832375807
0, 225, 0, 9223372036854775807, 0, 9223372036832275807
0, 226, 0, 9223372036854775807, 0, 9223372036832175807
0, 227, 0, 9223372036854775807, 0, 9223372036832075807
0, 228, 0, 9223372036854775807, 0, 9223372036831975807
0, 229, 0, 9223372036854775807, 0, 9223372036831875807
0, 230, 0, 9223372036854775807, 0, 9223372036831775807
0, 231, 0, 9223372036854775807, 0, 9223372036831675807
0, 232, 0, 9223372036854775807, 0, 9223372036831575807
0, 233, 0, 9223372036854775807, 0, 9223372036831475807
0, 234, 0, 9223372036854775807, 0, 9223372036831375807
0, 235, 0, 9223372036854775807, 0, 9223372036831275807
0, 236, 0, 9223372036854775807, 0, 9223372036831175807
0, 237, 0, 9223372036854775807, 0, 9223372036831075807
0, 238, 0, 9223372036854775807, 0, 9223372036830975807
0, 239, 0, 9223372036854775807, 0, 9223372036830875807
0, 240, 0, 9223372036854775807, 0, 9223372036830775807
0, 241, 0, 9223372036854775807, 0, 9223372036830675807
0, 242, 0, 9223372036854775807, 0, 9223372036830575807
0, 243, 0, 9223372036854775807, 0, 9223372036830475807
0, 244, 0, 9223372036854775807, 0, 9223372036830375807
0, 245, 0, 9223372036854775807, 0, 9223372036830275807
0, 246, 0, 9223372036854775807, 0, 9223372036830175807
0, 247, 0, 9223372036854775807, 0, 9223372036830075807
0, 248, 0, 9223372036854775807, 0, 9223372036829975807
0, 249, 0, 9223372036854775807, 0, 9223372036829875807
0, 250, 0, 9223372036854775807, 0, 9223372036829775807
0, 251, 0, 9223372036854775807, 0, 9223372036829675807
0, 252, 0, 9223372036854775807, 0, 9223372036829575807
0, 253, 0, 9223372036854775807, 0, 9223372036829475807
0, 254, 0, 9223372036854775807, 0, 9223372036829375807
0, 255, 0, 9223372036854775807, 0, 9223372036829275807
0, 256, 0, 9223372036854775807, 0, 9223372036829175807
0, 257, 0, 9223372036854775807, 0, 9223372036829075807
0, 258, 0, 9223372036854775807, 0, 9223372036828975807
0, 259, 0, 9223372036854775807, 0, 9223372036828875807
0, 260, 0, 9223372036854775807, 0, 9223372036828775807
0, 261, 0, 9223372036854775807, 0, 9223372036828675807
0, 262, 0, 9223372036854775807, 0, 9223372036828575807
0, 263, 0, 9223372036854775807, 0, 9223372036828475807
0, 264, 0, 9223372036854775807, 0, 9223372036828375807
0, 265, 0, 9223372036854775807, 0, 9223372036828275807
0, 266, 0, 9223372036854775807, 0, 9223372036828175807
0, 267, 0, 9223372036854775807, 0, 9223372036828075807
0, 268, 0, 9223372036854775807, 0, 9223372036827975807
0, 269, 0, 9223372036854775807, 0, 9223372036827875807
0, 270, 0, 9223372036854775807, 0, 9223372036827775807
0, 271, 0, 9223372036854775807, 0, 9223372036827675807
0, 272, 0, 9223372036854775807, 0, 9223372036827575807
0, 273, 0, 9223372036854775807, 0, 9223372036827475807
0, 274, 0, 9223372036854775807, 0, 9223372036827375807
0, 275, 0, 9223372036854775807, 0, 9223372036827275807
0, 276, 0, 9223372036854775807, 0, 9223372036827175807
0, 277, 0, 9223372036854775807, 0, 9223372036827075807
0, 278, 0, 9223372036854775807, 0, 9223372036826975807
0, 279, 0, 9223372036854775807, 0, 9223372036826875807
0, 280, 0, 9223372036854775807, 0, 9223372036826775807
0, 281, 0, 9223372036854775807, 0, 9223372036826675807
0, 282, 0, 9223372036854775807, 0, 9223372036826575807
0, 283, 0, 9223372036854775807, 0, 9223372036826475807
0, 284, 0, 9223372036854775807, 0, 9223372036826375807
0, 285, 0, 9223372036854775807, 0, 9223372036826275807
0, 286, 0, 9223372036854775807, 0, 9223372036826175807
0, 287, 0, 9223372036854775807, 0, 9223372036826075807
0, 288, 0, 9223372036854775807, 0, 9223372036825975807
0, 289, 0, 9223372036854775807, 0, 9223372036825875807
0, 290, 0, 9223372036854775807, 0, 9223372036825775807
0, 291, 0, 9223372036854775807, 0, 9223372036825675807
0, 292, 0, 9223372036854775807, 0, 9223372036825575807
0, 293, 0, 9223372036854775807, 0, 9223372036825475807
0, 294, 0, 9223372036854775807, 0, 9223372036825375807
0, 295, 0, 9223372036854775807, 0, 9223372036825275807
0, 296, 0, 9223372036854775807, 0, 9223372036825175807
0, 297, 0, 9223372036854775807, 0, 9223372036825075807
0, 298, 0, 9223372036854775807, 0, 9223372036824975807
0, 299, 0, 9223372036854775807, 0, 9223372036824875807
0, 300, 0, 9223372036854775807, 0, 9223372036824775807
0, 301, 0, 9223372036854775807, 0, 9223372036824675807
0, 302, 0, 9223372036854775807, 0, 9223372036824575807
0, 303, 0, 9223372036854775807, 0, 9223372036824475807
0, 304, 0, 9223372036854775807, 0, 9223372036824375807
0, 305, 0, 9223372036854775807, 0, 9223372036824275807
0, 306, 0, 9223372036854775807, 0, 9223372036824175807
0, 307, 0, 9223372036854775807, 0, 9223372036824075807
0, 308, 0, 9223372036854775807, 0, 9223372036823975807
0, 309, 0, 9223372036854775807, 0, 9223372036823875807
0, 310, 0, 9223372036854775807, 0, 9223372036823775807
0, 311, 0, 9223372036854775807, 0, 9223372036823675807
0, 312, 0, 9223372036854775807, 0, 9223372036823575807
0, 313, 0, 9223372036854775807, 0, 9223372036823475807
0, 314, 0, 9223372036854775807, 0, 9223372036823375807
0, 315, 0, 9223372036854775807, 0, 9223372036823275807
0, 316, 0, 9223372036854775807, 0, 9223372036823175807
0, 317, 0, 9223372036854775807, 0, 9223372036823075807
0, 318, 0, 9223372036854775807, 0, 9223372036822975807
0, 319, 0, 9223372036854775807, 0, 9223372036822875807
0, 320, 0, 9223372036854775807, 0, 9223372036822775807
0, 321, 0, 9223372036854775807, 0, 9223372036822675807
0, 322, 0, 9223372036854775807, 0, 9223372036822575807
0, 323, 0, 9223372036854775807, 0, 9223372036822475807
0, 324, 0, 9223372036854775807, 0, 9223372036822375807
0, 325, 0, 9223372036854775807, 0, 9223372036822275807
0, 326, 0, 9223372036854775807, 0, 9223372036822175807
0, 327, 0, 9223372036854775807, 0, 9223372036822075807
0, 328, 0, 9223372036854775807, 0, 9223372036821975807
0, 329, 0, 9223372036854775807, 0, 9223372036821875807
0, 330, 0, 9223372036854775807, 0, 9223372036821775807
0, 331, 0, 9223372036854775807, 0, 9223372036821675807
0, 332, 0, 9223372036854775807, 0, 9223372036821575807
0, 333, 0, 9223372036854775807, 0, 9223372036821475807
0, 334, 0, 9223372036854775807, 0, 9223372036821375807
0, 335, 0, 9223372036854775807, 0, 9223372036821275807
0, 336, 0, 9223372036854775807, 0, 9223372036821175807
0, 337, 0, 9223372036854775807, 0, 9223372036821075807
0, 338, 0, 9223372036854775807, 0, 9223372036820975807
0, 339, 0, 9223372036854775807, 0, 9223372036820875807
0, 340, 0, 9223372036854775807, 0, 9223372036820775807
0, 341, 0, 9223372036854775807, 0, 9223372036820675807
0, 342, 0, 9223372036854775807, 0, 9223372036820575807
0, 343, 0, 9223372036854775807, 0, 9223372036820475807
0, 344, 0, 9223372036854775807, 0, 9223372036820375807
0, 345, 0, 9223372036854775807, 0, 9223372036820275807
0, 346, 0, 9223372036854775807, 0, 9223372036820175807
0, 347, 0, 9223372036854775807, 0, 9223372036820075807
0, 348, 0, 9223372036854775807, 0, 9223372036819975807
0, 349, 0, 9223372036854775807, 0, 9223372036819875807
0, 350, 0, 9223372036854775807, 0, 9223372036819775807
0, 351, 0, 9223372036854775807, 0, 9223372036819675807
0, 352, 0, 9223372036854775807, 0, 9223372036819575807
0, 353, 0, 9223372036854775807, 0, 9223372036819475807
0, 354, 0, 9223372036854775807, 0, 9223372036819375807
0, 355, 0, 9223372036854775807, 0, 9223372036819275807
0, 356, 0, 9223372036854775807, 0, 9223372036819175807
0, 357, 0, 9223372036854775807, 0, 9223372036819075807
0, 358, 0, 9223372036854775807, 0, 9223372036818975807
0, 359, 0, 9223372036854775807, 0, 9223372036818875807
0, 360, 0, 9223372036854775807, 0, 9223372036818775807
0, 361, 0, 9223372036854775807, 0, 9223372036818675807
0, 362, 0, 9223372036854775807, 0, 9223372036818575807
0, 363, 0, 9223372036854775807, 0, 9223372036818475807
0, 364, 0, 9223372036854775807, 0, 9223372036818375807
0, 365, 0, 9223372036854775807, 0, 9223372036818275807
0, 366, 0, 9223372036854775807, 0, 9223372036818175807
0, 367, 0, 9223372036854775807, 0, 9223372036818075807
0, 368, 0, 9223372036854775807, 0, 9223372036817975807
0, 369, 0, 9223372036854775807, 0, 9223372036817875807
0, 370, 0, 9223372036854775807, 0, 9223372036817775807
0, 371, 0, 9223372036854775807, 0, 9223372036817675807
0, 372, 0, 9223372036854775807, 0, 9223372036817575807
0, 373, 0, 9223372036854775807, 0, 9223372036817475807
0, 374, 0, 9223372036854775807, 0, 9223372036817375807
0, 375, 0, 9223372036854775807, 0, 9223372036817275807
0, 376, 0, 9223372036854775807, 0, 9223372036817175807
0, 377, 0, 9223372036854775807, 0, 9223372036817075807
0, 378, 0, 9223372036854775807, 0, 9223372036816975807
0, 379, 0, 9223372036854775807, 0, 9223372036816875807
0, 380, 0, 9223372036854775807, 0, 9223372036816775807
0, 381, 0, 9223372036854775807, 0, 9223372036816675807
0, 382, 0, 9223372036854775807, 0, 9223372036816575807
0, 383, 0, 9223372036854775807, 0, 9223372036816475807
0, 384, 0, 9223372036854775807, 0, 9223372036816375807
0, 385, 0, 9223372036854775807, 0, 9223372036816275807
0, 386, 0, 9223372036854775807, 0, 9223372036816175807
0, 387, 0, 9223372036854775807, 0, 9223372036816075807
0, 388, 0, 9223372036854775807, 0, 9223372036815975807
0, 389, 0, 9223372036854775807, 0, 9223372036815875807
0, 390, 0, 9223372036854775807, 0, 9223372036815775807
0, 391, 0, 9223372036854775807, 0, 9223372036815675807
0, 392, 0, 9223372036854775807, 0, 9223372036815575807
0, 393, 0, 9223372036854775807, 0, 9223372036815475807
0, 394, 0, 9223372036854775807, 0, 9223372036815375807
0, 395, 0, 9223372036854775807, 0, 9223372036815275807
0, 396, 0, 9223372036854775807, 0, 9223372036815175807
0, 397, 0, 9223372036854775807, 0, 9223372036815075807
0, 398, 0, 9223372036854775807, 0, 9223372036814975807
0, 399, 0, 9223372036854775807, 0, 9223372036814875807
0, 400, 0, 9223372036854775807, 0, 9223372036814775807
0, 401, 0, 9223372036854775807, 0, 9223372036814675807
0, 402, 0, 9223372036854775807, 0, 9223372036814575807
0, 403, 0, 9223372036854775807, 0, 9223372036814475807
0, 404, 0, 9223372036854775807, 0, 9223372036814375807
0, 405, 0, 9223372036854775807, 0, 9223372036814275807
0, 406, 0, 9223372036854775807, 0, 9223372036814175807
0, 407, 0, 9223372036854775807, 0, 9223372036814075807
0, 408, 0, 9223372036854775807, 0, 9223372036813975807
0, 409, 0, 9223372036854775807, 0, 9223372036813875807
0, 410, 0, 9223372036854775807, 0, 9223372036813775807
0, 411, 0, 9223372036854775807, 0, 9223372036813675807
0, 412, 0, 9223372036854775807, 0, 9223372036813575807
0, 413, 0, 9223372036854775807, 0, 9223372036813475807
0, 414, 0, 9223372036854775807, 0, 9223372036813375807
0, 415, 0, 9223372036854775807, 0, 9223372036813275807
0, 416, 0, 9223372036854775807, 0, 9223372036813175807
0, 417, 0, 9223372036854775807, 0, 9223372036813075807
0, 418, 0, 9223372036854775807, 0, 9223372036812975807
0, 419, 0, 9223372036854775807, 0, 9223372036812875807
1, 0, 22325, 83207, 22325, 83207
1, 1, 0, 9223372036854775807, 0, 9223372036854675807
1, 2, 0, 9223372036854775807, 0, 9223372036854575807
1, 3, 0, 9223372036854775807, 0, 9223372036854475807
1, 4, 0, 9223372036854775807, 0, 9223372036854375807
1, 5, 0, 9223372036854775807, 0, 9223372036854275807
1, 6, 0, 9223372036854775807, 0, 9223372036854175807
1, 7, 0, 9223372036854775807, 0, 9223372036854075807
1, 8, 0, 9223372036854775807, 0, 9223372036853975807
1, 9, 0, 9223372036854775807, 0, 9223372036853875807
1, 10, 0, 9223372036854775807, 0, 9223372036853775807
1, 11, 0, 9223372036854775807, 0, 9223372036853675807
1, 12, 0, 9223372036854775807, 0, 9223372036853575807
1, 13, 0, 9223372036854775807, 0, 9223372036853475807
1, 14, 0, 9223372036854775807, 0, 9223372036853375807
1, 15, 0, 9223372036854775807, 0, 9223372036853275807
1, 16, 0, 9223372036854775807, 0, 9223372036853175807
1, 17, 0, 9223372036854775807, 0, 9223372036853075807
1, 18, 0, 9223372036854775807, 0, 9223372036852975807
1, 19, 0, 9223372036854775807, 0, 9223372036852875807
1, 20, 0, 9223372036854775807, 0, 9223372036852775807
1, 21, 0, 9223372036854775807, 0, 9223372036852675807
1, 22, 0, 9223372036854775807, 0, 9223372036852575807
1, 23, 0, 9223372036854775807, 0, 9223372036852475807
1, 24, 0, 9223372036854775807, 0, 9223372036852375807
1, 25, 0, 9223372036854775807, 0, 9223372036852275807
1, 26, 0, 9223372036854775807, 0, 9223372036852175807
1, 27, 0, 9223372036854775807, 0, 9223372036852075807
1, 28, 0, 9223372036854775807, 0, 9223372036851975807
1, 29, 0, 9223372036854775807, 0, 9223372036851875807
1, 30, 0, 9223372036854775807, 0, 9223372036851775807
1, 31, 0, 9223372036854775807, 0, 9223372036851675807
1, 32, 0, 9223372036854775807, 0, 9223372036851575807
1, 33, 0, 9223372036854775807, 0, 9223372036851475807
1, 34, 0, 9223372036854775807, 0, 9223372036851375807
1, 35, 0, 9223372036854775807, 0, 9223372036851275807
1, 36, 0, 9223372036854775807, 0, 9223372036851175807
1, 37, 0, 9223372036854775807, 0, 9223372036851075807
1, 38, 0, 9223372036854775807, 0, 9223372036850975807
1, 39, 0, 9223372036854775807, 0, 9223372036850875807
1, 40, 0, 9223372036854775807, 0, 9223372036850775807
1, 41, 0, 9223372036854775807, 0, 9223372036850675807
1, 42, 0, 9223372036854775807, 0, 9223372036850575807
1, 43, 0, 9223372036854775807, 0, 9223372036850475807
1, 44, 0, 9223372036854775807, 0, 9223372036850375807
1, 45, 0, 9223372036854775807, 0, 9223372036850275807
1, 46, 0, 9223372036854775807, 0, 9223372036850175807
1, 47, 0, 9223372036854775807, 0, 9223372036850075807
1, 48, 0, 9223372036854775807, 0, 9223372036849975807
1, 49, 0, 9223372036854775807, 0, 9223372036849875807
1, 50, 0, 9223372036854775807, 0, 9223372036849775807
1, 51, 0, 9223372036854775807, 0, 9223372036849675807
1, 52, 0, 9223372036854775807, 0, 9223372036849575807
1, 53, 0, 9223372036854775807, 0, 9223372036849475807
1, 54, 0, 9223372036854775807, 0, 9223372036849375807
1, 55, 0, 9223372036854775807, 0, 9223372036849275807
1, 56, 0, 9223372036854775807, 0, 9223372036849175807
1, 57, 0, 9223372036854775807, 0, 9223372036849075807
1, 58, 0, 9223372036854775807, 0, 9223372036848975807
1, 59, 0, 9223372036854775807, 0, 9223372036848875807
1, 60, 0, 9223372036854775807, 0, 9223372036848775807
1, 61, 0, 9223372036854775807, 0, 9223372036848675807
1, 62, 0, 9223372036854775807, 0, 9223372036848575807
1, 63, 0, 9223372036854775807, 0, 9223372036848475807
1, 64, 0, 9223372036854775807, 0, 9223372036848375807
1, 65, 0, 9223372036854775807, 0, 9223372036848275807
1, 66, 0, 9223372036854775807, 0, 9223372036848175807
1, 67, 0, 9223372036854775807, 0, 9223372036848075807
1, 68, 0, 9223372036854775807, 0, 9223372036847975807
1, 69, 0, 9223372036854775807, 0, 9223372036847875807
1, 70, 0, 9223372036854775807, 0, 9223372036847775807
1, 71, 0, 9223372036854775807, 0, 9223372036847675807
1, 72, 0, 9223372036854775807, 0, 9223372036847575807
1, 73, 0, 9223372036854775807, 0, 9223372036847475807
1, 74, 0, 9223372036854775807, 0, 9223372036847375807
1, 75, 0, 9223372036854775807, 0, 9223372036847275807
1, 76, 0, 9223372036854775807, 0, 9223372036847175807
1, 77, 0, 9223372036854775807, 0, 9223372036847075807
1, 78, 0, 9223372036854775807, 0, 9223372036846975807
1, 79, 0, 9223372036854775807, 0, 9223372036846875807
1, 80, 0, 9223372036854775807, 0, 9223372036846775807
1, 81, 0, 9223372036854775807, 0, 9223372036846675807
1, 82, 0, 9223372036854775807, 0, 9223372036846575807
1, 83, 0, 9223372036854775807, 0, 9223372036846475807
1, 84, 0, 9223372036854775807, 0, 9223372036846375807
1, 85, 0, 9223372036854775807, 0, 9223372036846275807
1, 86, 0, 9223372036854775807, 0, 9223372036846175807
1, 87, 0, 9223372036854775807, 0, 9223372036846075807
1, 88, 0, 9223372036854775807, 0, 9223372036845975807
1, 89, 0, 9223372036854775807, 0, 9223372036845875807
1, 90, 0, 9223372036854775807, 0, 9223372036845775807
1, 91, 0, 9223372036854775807, 0, 9223372036845675807
1, 92, 0, 9223372036854775807, 0, 9223372036845575807
1, 93, 0, 9223372036854775807, 0, 9223372036845475807
1, 94, 0, 9223372036854775807, 0, 9223372036845375807
1, 95, 0, 9223372036854775807, 0, 9223372036845275807
1, 96, 0, 9223372036854775807, 0, 9223372036845175807
1, 97, 0, 9223372036854775807, 0, 9223372036845075807
1, 98, 0, 9223372036854775807, 0, 9223372036844975807
1, 99, 0, 9223372036854775807, 0, 9223372036844875807
1, 100, 0, 9223372036854775807, 0, 9223372036844775807
1, 101, 0, 9223372036854775807, 0, 9223372036844675807
1, 102, 0, 9223372036854775807, 0, 9223372036844575807
1, 103, 0, 9223372036854775807, 0, 9223372036844475807
1, 104, 0, 9223372036854775807, 0, 9223372036844375807
1, 105, 0, 9223372036854775807, 0, 9223372036844275807
1, 106, 0, 9223372036854775807, 0, 9223372036844175807
1, 107, 0, 9223372036854775807, 0, 9223372036844075807
1, 108, 0, 9223372036854775807, 0, 9223372036843975807
1, 109, 0, 9223372036854775807, 0, 9223372036843875807
1, 110, 0, 9223372036854775807, 0, 9223372036843775807
1, 111, 0, 9223372036854775807, 0, 9223372036843675807
1, 112, 0, 9223372036854775807, 0, 9223372036843575807
1, 113, 0, 9223372036854775807, 0, 9223372036843475807
1, 114, 0, 9223372036854775807, 0, 9223372036843375807
1, 115, 0, 9223372036854775807, 0, 9223372036843275807
1, 116, 0, 9223372036854775807, 0, 9223372036843175807
1, 117, 0, 9223372036854775807, 0, 9223372036843075807
1, 118, 0, 9223372036854775807, 0, 9223372036842975807
1, 119, 0, 9223372036854775807, 0, 9223372036842875807
1, 120, 0, 9223372036854775807, 0, 9223372036842775807
1, 121, 0, 9223372036854775807, 0, 9223372036842675807
1, 122, 0, 9223372036854775807, 0, 9223372036842575807
1, 123, 0, 9223372036854775807, 0, 9223372036842475807
1, 124, 0, 9223372036854775807, 0, 9223372036842375807
1, 125, 0, 9223372036854775807, 0, 9223372036842275807
1, 126, 0, 9223372036854775807, 0, 9223372036842175807
1, 127, 0, 9223372036854775807, 0, 9223372036842075807
1, 128, 0, 9223372036854775807, 0, 9223372036841975807
1, 129, 0, 9223372036854775807, 0, 9223372036841875807
1, 130, 0, 9223372036854775807, 0, 9223372036841775807
1, 131, 0, 9223372036854775807, 0, 9223372036841675807
1, 132, 0, 9223372036854775807, 0, 9223372036841575807
1, 133, 0, 9223372036854775807, 0, 9223372036841475807
1, 134, 0, 9223372036854775807, 0, 9223372036841375807
1, 135, 0, 9223372036854775807, 0, 9223372036841275807
1, 136, 0, 9223372036854775807, 0, 9223372036841175807
1, 137, 0, 9223372036854775807, 0, 9223372036841075807
1, 138, 0, 9223372036854775807, 0, 9223372036840975807
1, 139, 0, 9223372036854775807, 0, 9223372036840875807
1, 140, 0, 9223372036854775807, 0, 9223372036840775807
1, 141, 0, 9223372036854775807, 0, 9223372036840675807
1, 142, 0, 9223372036854775807, 0, 9223372036840575807
1, 143, 0, 9223372036854775807, 0, 9223372036840475807
1, 144, 0, 9223372036854775807, 0, 9223372036840375807
1, 145, 0, 9223372036854775807, 0, 9223372036840275807
1, 146, 0, 9223372036854775807, 0, 9223372036840175807
1, 147, 0, 9223372036854775807, 0, 9223372036840075807
1, 148, 0, 9223372036854775807, 0, 9223372036839975807
1, 149, 0, 9223372036854775807, 0, 9223372036839875807
1, 150, 0, 9223372036854775807, 0, 9223372036839775807
1, 151, 0, 9223372036854775807, 0, 9223372036839675807
1, 152, 0, 9223372036854775807, 0, 9223372036839575807
1, 153, 0, 9223372036854775807, 0, 9223372036839475807
1, 154, 0, 9223372036854775807, 0, 9223372036839375807
1, 155, 0, 9223372036854775807, 0, 9223372036839275807
1, 156, 0, 9223372036854775807, 0, 9223372036839175807
1, 157, 0, 9223372036854775807, 0, 9223372036839075807
1, 158, 0, 9223372036854775807, 0, 9223372036838975807
1, 159, 0, 9223372036854775807, 0, 9223372036838875807
1, 160, 0, 9223372036854775807, 0, 9223372036838775807
1, 161, 0, 9223372036854775807, 0, 9223372036838675807
1, 162, 0, 9223372036854775807, 0, 9223372036838575807
1, 163, 0, 9223372036854775807, 0, 9223372036838475807
1, 164, 0, 9223372036854775807, 0, 9223372036838375807
1, 165, 0, 9223372036854775807, 0, 9223372036838275807
1, 166, 0, 9223372036854775807, 0, 9223372036838175807
1, 167, 0, 9223372036854775807, 0, 9223372036838075807
1, 168, 0, 9223372036854775807, 0, 9223372036837975807
1, 169, 0, 9223372036854775807, 0, 9223372036837875807
1, 170, 0, 9223372036854775807, 0, 9223372036837775807
1, 171, 0, 9223372036854775807, 0, 9223372036837675807
1, 172, 0, 9223372036854775807, 0, 9223372036837575807
1, 173, 0, 9223372036854775807, 0, 9223372036837475807
1, 174, 0, 9223372036854775807, 0, 9223372036837375807
1, 175, 0, 9223372036854775807, 0, 9223372036837275807
1, 176, 0, 9223372036854775807, 0, 9223372036837175807
1, 177, 0, 9223372036854775807, 0, 9223372036837075807
1, 178, 0, 9223372036854775807, 0, 9223372036836975807
1, 179, 0, 9223372036854775807, 0, 9223372036836875807
1, 180, 0, 9223372036854775807, 0, 9223372036836775807
1, 181, 0, 9223372036854775807, 0, 9223372036836675807
1, 182, 0, 9223372036854775807, 0, 9223372036836575807
1, 183, 0, 9223372036854775807, 0, 9223372036836475807
1, 184, 0, 9223372036854775807, 0, 9223372036836375807
1, 185, 0, 9223372036854775807, 0, 9223372036836275807
1, 186, 0, 9223372036854775807, 0, 9223372036836175807
1, 187, 0, 9223372036854775807, 0, 9223372036836075807
1, 188, 0, 9223372036854775807, 0, 9223372036835975807
1, 189, 0, 9223372036854775807, 0, 9223372036835875807
1, 190, 0, 9223372036854775807, 0, 9223372036835775807
1, 191, 0, 9223372036854775807, 0, 9223372036835675807
1, 192, 0, 9223372036854775807, 0, 9223372036835575807
1, 193, 0, 9223372036854775807, 0, 9223372036835475807
1, 194, 0, 9223372036854775807, 0, 9223372036835375807
1, 195, 0, 9223372036854775807, 0, 9223372036835275807
1, 196, 0, 9223372036854775807, 0, 9223372036835175807
1, 197, 0, 9223372036854775807, 0, 9223372036835075807
1, 198, 0, 9223372036854775807, 0, 9223372036834975807
1, 199, 0, 9223372036854775807, 0, 9223372036834875807
1, 200, 0, 9223372036854775807, 0, 9223372036834775807
1, 201, 0, 9223372036854775807, 0, 9223372036834675807
1, 202, 0, 9223372036854775807, 0, 9223372036834575807
1, 203, 0, 9223372036854775807, 0, 9223372036834475807
1, 204, 0, 9223372036854775807, 0, 9223372036834375807
1, 205, 0, 9223372036854775807, 0, 9223372036834275807
1, 206, 0, 9223372036854775807, 0, 9223372036834175807
1, 207, 0, 9223372036854775807, 0, 9223372036834075807
1, 208, 0, 9223372036854775807, 0, 9223372036833975807
1, 209, 0, 9223372036854775807, 0, 9223372036833875807
1, 210, 0, 9223372036854775807, 0, 9223372036833775807
1, 211, 0, 9223372036854775807, 0, 9223372036833675807
1, 212, 0, 9223372036854775807, 0, 9223372036833575807
1, 213, 0, 9223372036854775807, 0, 9223372036833475807
1, 214, 0, 9223372036854775807, 0, 9223372036833375807
1, 215, 0, 9223372036854775807, 0, 9223372036833275807
1, 216, 0, 9223372036854775807, 0, 9223372036833175807
1, 217, 0, 9223372036854775807, 0, 9223372036833075807
1, 218, 0, 9223372036854775807, 0, 9223372036832975807
1, 219, 0, 9223372036854775807, 0, 9223372036832875807
1, 220, 0, 9223372036854775807, 0, 9223372036832775807
1, 221, 0, 9223372036854775807, 0, 9223372036832675807
1, 222, 0, 9223372036854775807, 0, 9223372036832575807
1, 223, 0, 9223372036854775807, 0, 9223372036832475807
1, 224, 0, 9223372036854775807, 0, 9223372036832375807
1, 225, 0, 9223372036854775807, 0, 9223372036832275807
1, 226, 0, 9223372036854775807, 0, 9223372036832175807
1, 227, 0, 9223372036854775807, 0, 9223372036832075807
1, 228, 0, 9223372036854775807, 0, 9223372036831975807
1, 229, 0, 9223372036854775807, 0, 9223372036831875807
1, 230, 0, 9223372036854775807, 0, 9223372036831775807
1, 231, 0, 9223372036854775807, 0, 9223372036831675807
1, 232, 0, 9223372036854775807, 0, 9223372036831575807
1, 233, 0, 9223372036854775807, 0, 9223372036831475807
1, 234, 0, 9223372036854775807, 0, 9223372036831375807
1, 235, 0, 9223372036854775807, 0, 9223372036831275807
1, 236, 0, 9223372036854775807, 0, 9223372036831175807
1, 237, 0, 9223372036854775807, 0, 9223372036831075807
1, 238, 0, 9223372036854775807, 0, 9223372036830975807
1, 239, 0, 9223372036854775807, 0, 9223372036830875807
1, 240, 0, 9223372036854775807, 0, 9223372036830775807
1, 241, 0, 9223372036854775807, 0, 9223372036830675807
1, 242, 0, 9223372036854775807, 0, 9223372036830575807
1, 243, 0, 9223372036854775807, 0, 9223372036830475807
1, 244, 0, 9223372036854775807, 0, 9223372036830375807
1, 245, 0, 9223372036854775807, 0, 9223372036830275807
1, 246, 0, 9223372036854775807, 0, 9223372036830175807
1, 247, 0, 9223372036854775807, 0, 9223372036830075807
1, 248, 0, 9223372036854775807, 0, 9223372036829975807
1, 249, 0, 9223372036854775807, 0, 9223372036829875807
1, 250, 0, 9223372036854775807, 0, 9223372036829775807
1, 251, 0, 9223372036854775807, 0, 9223372036829675807
1, 252, 0, 9223372036854775807, 0, 9223372036829575807
1, 253, 0, 9223372036854775807, 0, 9223372036829475807
1, 254, 0, 9223372036854775807, 0, 9223372036829375807
1, 255, 0, 9223372036854775807, 0, 9223372036829275807
1, 256, 0, 9223372036854775807, 0, 9223372036829175807
1, 257, 0, 9223372036854775807, 0, 9223372036829075807
1, 258, 0, 9223372036854775807, 0, 9223372036828975807
1, 259, 0, 9223372036854775807, 0, 9223372036828875807
1, 260, 0, 9223372036854775807, 0, 9223372036828775807
1, 261, 0, 9223372036854775807, 0, 9223372036828675807
1, 262, 0, 9223372036854775807, 0, 9223372036828575807
1, 263, 0, 9223372036854775807, 0, 9223372036828475807
1, 264, 0, 9223372036854775807, 0, 9223372036828375807
1, 265, 0, 9223372036854775807, 0, 9223372036828275807
1, 266, 0, 9223372036854775807, 0, 9223372036828175807
1, 267, 0, 9223372036854775807, 0, 9223372036828075807
1, 268, 0, 9223372036854775807, 0, 9223372036827975807
1, 269, 0, 9223372036854775807, 0, 9223372036827875807
1, 270, 0, 9223372036854775807, 0, 9223372036827775807
1, 271, 0, 9223372036854775807, 0, 9223372036827675807
1, 272, 0, 9223372036854775807, 0, 9223372036827575807
1, 273, 0, 9223372036854775807, 0, 9223372036827475807
1, 274, 0, 9223372036854775807, 0, 9223372036827375807
1, 275, 0, 9223372036854775807, 0, 9223372036827275807
1, 276, 0, 9223372036854775807, 0, 9223372036827175807
1, 277, 0, 9223372036854775807, 0, 9223372036827075807
1, 278, 0, 9223372036854775807, 0, 9223372036826975807
1, 279, 0, 9223372036854775807, 0, 9223372036826875807
1, 280, 0, 9223372036854775807, 0, 9223372036826775807
1, 281, 0, 9223372036854775807, 0, 9223372036826675807
1, 282, 0, 9223372036854775807, 0, 9223372036826575807
1, 283, 0, 9223372036854775807, 0, 9223372036826475807
1, 284, 0, 9223372036854775807, 0, 9223372036826375807
1, 285, 0, 9223372036854775807, 0, 9223372036826275807
1, 286, 0, 9223372036854775807, 0, 9223372036826175807
1, 287, 0, 9223372036854775807, 0, 9223372036826075807
1, 288, 0, 9223372036854775807, 0, 9223372036825975807
1, 289, 0, 9223372036854775807, 0, 9223372036825875807
1, 290, 0, 9223372036854775807, 0, 9223372036825775807
1, 291, 0, 9223372036854775807, 0, 9223372036825675807
1, 292, 0, 9223372036854775807, 0, 9223372036825575807
1, 293, 0, 9223372036854775807, 0, 9223372036825475807
1, 294, 0, 9223372036854775807, 0, 9223372036825375807
1, 295, 0, 9223372036854775807, 0, 9223372036825275807
1, 296, 0, 9223372036854775807, 0, 9223372036825175807
1, 297, 0, 9223372036854775807, 0, 9223372036825075807
1, 298, 0, 9223372036854775807, 0, 9223372036824975807
1, 299, 0, 9223372036854775807, 0, 9223372036824875807
1, 300, 0, 9223372036854775807, 0, 9223372036824775807
1, 301, 0, 9223372036854775807, 0, 9223372036824675807
1, 302, 0, 9223372036854775807, 0, 9223372036824575807
1, 303, 0, 9223372036854775807, 0, 9223372036824475807
1, 304, 0, 9223372036854775807, 0, 9223372036824375807
1, 305, 0, 9223372036854775807, 0, 9223372036824275807
1, 306, 0, 9223372036854775807, 0, 9223372036824175807
1, 307, 0, 9223372036854775807, 0, 9223372036824075807
1, 308, 0, 9223372036854775807, 0, 9223372036823975807
1, 309, 0, 9223372036854775807, 0, 9223372036823875807
1, 310, 0, 9223372036854775807, 0, 9223372036823775807
1, 311, 0, 9223372036854775807, 0, 9223372036823675807
1, 312, 0, 9223372036854775807, 0, 9223372036823575807
1, 313, 0, 9223372036854775807, 0, 9223372036823475807
1, 314, 0, 9223372036854775807, 0, 9223372036823375807
1, 315, 0, 9223372036854775807, 0, 9223372036823275807
1, 316, 0, 9223372036854775807, 0, 9223372036823175807
1, 317, 0, 9223372036854775807, 0, 9223372036823075807
1, 318, 0, 9223372036854775807, 0, 9223372036822975807
1, 319, 0, 9223372036854775807, 0, 9223372036822875807
1, 320, 0, 9223372036854775807, 0, 9223372036822775807
1, 321, 0, 9223372036854775807, 0, 9223372036822675807
1, 322, 0, 9223372036854775807, 0, 9223372036822575807
1, 323, 0, 9223372036854775807, 0, 9223372036822475807
1, 324, 0, 9223372036854775807, 0, 9223372036822375807
1, 325, 0, 9223372036854775807, 0, 9223372036822275807
1, 326, 0, 9223372036854775807, 0, 9223372036822175807
1, 327, 0, 9223372036854775807, 0, 9223372036822075807
1, 328, 0, 9223372036854775807, 0, 9223372036821975807
1, 329, 0, 9223372036854775807, 0, 9223372036821875807
1, 330, 0, 9223372036854775807, 0, 9223372036821775807
1, 331, 0, 9223372036854775807, 0, 9223372036821675807
1, 332, 0, 9223372036854775807, 0, 9223372036821575807
1, 333, 0, 9223372036854775807, 0, 9223372036821475807
1, 334, 0, 9223372036854775807, 0, 9223372036821375807
1, 335, 0, 9223372036854775807, 0, 9223372036821275807
1, 336, 0, 9223372036854775807, 0, 9223372036821175807
1, 337, 0, 9223372036854775807, 0, 9223372036821075807
1, 338, 0, 9223372036854775807, 0, 9223372036820975807
1, 339, 0, 9223372036854775807, 0, 9223372036820875807
1, 340, 0, 9223372036854775807, 0, 9223372036820775807
1, 341, 0, 9223372036854775807, 0, 9223372036820675807
1, 342, 0, 9223372036854775807, 0, 9223372036820575807
1, 343, 0, 9223372036854775807, 0, 9223372036820475807
1, 344, 0, 9223372036854775807, 0, 9223372036820375807
1, 345, 0, 9223372036854775807, 0, 9223372036820275807
1, 346, 0, 9223372036854775807, 0, 9223372036820175807
1, 347, 0, 9223372036854775807, 0, 9223372036820075807
1, 348, 0, 9223372036854775807, 0, 9223372036819975807
1, 349, 0, 9223372036854775807, 0, 9223372036819875807
1, 350, 0, 9223372036854775807, 0, 9223372036819775807
1, 351, 0, 9223372036854775807, 0, 9223372036819675807
1, 352, 0, 9223372036854775807, 0, 9223372036819575807
1, 353, 0, 9223372036854775807, 0, 9223372036819475807
1, 354, 0, 9223372036854775807, 0, 9223372036819375807
1, 355, 0, 9223372036854775807, 0, 9223372036819275807
1, 356, 0, 9223372036854775807, 0, 9223372036819175807
1, 357, 0, 9223372036854775807, 0, 9223372036819075807
1, 358, 0, 9223372036854775807, 0, 9223372036818975807
1, 359, 0, 9223372036854775807, 0, 9223372036818875807
1, 360, 0, 9223372036854775807, 0, 9223372036818775807
1, 361, 0, 9223372036854775807, 0, 9223372036818675807
1, 362, 0, 9223372036854775807, 0, 9223372036818575807
1, 363, 0, 9223372036854775807, 0, 9223372036818475807
1, 364, 0, 9223372036854775807, 0, 9223372036818375807
1, 365, 0, 9223372036854775807, 0, 9223372036818275807
1, 366, 0, 9223372036854775807, 0, 9223372036818175807
1, 367, 0, 9223372036854775807, 0, 9223372036818075807
1, 368, 0, 9223372036854775807, 0, 9223372036817975807
1, 369, 0, 9223372036854775807, 0, 9223372036817875807
1, 370, 0, 9223372036854775807, 0, 9223372036817775807
1, 371, 0, 9223372036854775807, 0, 9223372036817675807
1, 372, 0, 9223372036854775807, 0, 9223372036817575807
1, 373, 0, 9223372036854775807, 0, 9223372036817475807
1, 374, 0, 9223372036854775807, 0, 9223372036817375807
1, 375, 0, 9223372036854775807, 0, 9223372036817275807
1, 376, 0, 9223372036854775807, 0, 9223372036817175807
1, 377, 0, 9223372036854775807, 0, 9223372036817075807
1, 378, 0, 9223372036854775807, 0, 9223372036816975807
1, 379, 0, 9223372036854775807, 0, 9223372036816875807
1, 380, 0, 9223372036854775807, 0, 9223372036816775807
1, 381, 0, 9223372036854775807, 0, 9223372036816675807
1, 382, 0, 9223372036854775807, 0, 9223372036816575807
1, 383, 0, 9223372036854775807, 0, 9223372036816475807
1, 384, 0, 9223372036854775807, 0, 9223372036816375807
1, 385, 0, 9223372036854775807, 0, 9223372036816275807
1, 386, 0, 9223372036854775807, 0, 9223372036816175807
1, 387, 0, 9223372036854775807, 0, 9223372036816075807
1, 388, 0, 9223372036854775807, 0, 9223372036815975807
1, 389, 0, 9223372036854775807, 0, 9223372036815875807
1, 390, 0, 9223372036854775807, 0, 9223372036815775807
1, 391, 0, 9223372036854775807, 0, 9223372036815675807
1, 392, 0, 9223372036854775807, 0, 9223372036815575807
1, 393, 0, 9223372036854775807, 0, 9223372036815475807
1, 394, 0, 9223372036854775807, 0, 9223372036815375807
1, 395, 0, 9223372036854775807, 0, 9223372036815275807
1, 396, 0, 9223372036854775807, 0, 9223372036815175807
1, 397, 0, 9223372036854775807, 0, 9223372036815075807
1, 398, 0, 9223372036854775807, 0, 9223372036814975807
1, 399, 0, 9223372036854775807, 0, 9223372036814875807
1, 400, 0, 9223372036854775807, 0, 9223372036814775807
1, 401, 0, 9223372036854775807, 0, 9223372036814675807
1, 402, 0, 9223372036854775807, 0, 9223372036814575807
1, 403, 0, 9223372036854775807, 0, 9223372036814475807
1, 404, 0, 9223372036854775807, 0, 9223372036814375807
1, 405, 0, 9223372036854775807, 0, 9223372036814275807
1, 406, 0, 9223372036854775807, 0, 9223372036814175807
1, 407, 0, 9223372036854775807, 0, 9223372036814075807
1, 408, 0, 9223372036854775807, 0, 9223372036813975807
1, 409, 0, 9223372036854775807, 0, 9223372036813875807
1, 410, 0, 9223372036854775807, 0, 9223372036813775807
1, 411, 0, 9223372036854775807, 0, 9223372036813675807
1, 412, 0, 9223372036854775807, 0, 9223372036813575807
1, 413, 0, 9223372036854775807, 0, 9223372036813475807
1, 414, 0, 9223372036854775807, 0, 9223372036813375807
1, 415, 0, 9223372036854775807, 0, 9223372036813275807
1, 416, 0, 9223372036854775807, 0, 9223372036813175807
1, 417, 0, 9223372036854775807, 0, 9223372036813075807
1, 418, 0, 9223372036854775807, 0, 9223372036812975807
1, 419, 0, 9223372036854775807, 0, 9223372036812875807
2, 0, 16608, 83956, 16608, 83956
2, 1, 0, 9223372036854775807, 0, 9223372036854675807
2, 2, 0, 9223372036854775807, 0, 9223372036854575807
2, 3, 0, 9223372036854775807, 0, 9223372036854475807
2, 4, 0, 9223372036854775807, 0, 9223372036854375807
2, 5, 0, 9223372036854775807, 0, 9223372036854275807
2, 6, 0, 9223372036854775807, 0, 9223372036854175807
2, 7, 0, 9223372036854775807, 0, 9223372036854075807
2, 8, 0, 9223372036854775807, 0, 9223372036853975807
2, 9, 0, 9223372036854775807, 0, 9223372036853875807
2, 10, 0, 9223372036854775807, 0, 9223372036853775807
2, 11, 0, 9223372036854775807, 0, 9223372036853675807
2, 12, 0, 9223372036854775807, 0, 9223372036853575807
2, 13, 0, 9223372036854775807, 0, 9223372036853475807
2, 14, 0, 9223372036854775807, 0, 9223372036853375807
2, 15, 0, 9223372036854775807, 0, 9223372036853275807
2, 16, 0, 9223372036854775807, 0, 9223372036853175807
2, 17, 0, 9223372036854775807, 0, 9223372036853075807
2, 18, 0, 9223372036854775807, 0, 9223372036852975807
2, 19, 0, 9223372036854775807, 0, 9223372036852875807
2, 20, 0, 9223372036854775807, 0, 9223372036852775807
2, 21, 0, 9223372036854775807, 0, 9223372036852675807
2, 22, 0, 9223372036854775807, 0, 9223372036852575807
2, 23, 0, 9223372036854775807, 0, 9223372036852475807
2, 24, 0, 9223372036854775807, 0, 9223372036852375807
2, 25, 0, 9223372036854775807, 0, 9223372036852275807
2, 26, 0, 9223372036854775807, 0, 9223372036852175807
2, 27, 0, 9223372036854775807, 0, 9223372036852075807
2, 28, 0, 9223372036854775807, 0, 9223372036851975807
2, 29, 0, 9223372036854775807, 0, 9223372036851875807
2, 30, 0, 9223372036854775807, 0, 9223372036851775807
2, 31, 0, 9223372036854775807, 0, 9223372036851675807
2, 32, 0, 9223372036854775807, 0, 9223372036851575807
2, 33, 0, 9223372036854775807, 0, 9223372036851475807
2, 34, 0, 9223372036854775807, 0, 9223372036851375807
2, 35, 0, 9223372036854775807, 0, 9223372036851275807
2, 36, 0, 9223372036854775807, 0, 9223372036851175807
2, 37, 0, 9223372036854775807, 0, 9223372036851075807
2, 38, 0, 9223372036854775807, 0, 9223372036850975807
2, 39, 0, 9223372036854775807, 0, 9223372036850875807
2, 40, 0, 9223372036854775807, 0, 9223372036850775807
2, 41, 0, 9223372036854775807, 0, 9223372036850675807
2, 42, 0, 9223372036854775807, 0, 9223372036850575807
2, 43, 0, 9223372036854775807, 0, 9223372036850475807
2, 44, 0, 9223372036854775807, 0, 9223372036850375807
2, 45, 0, 9223372036854775807, 0, 9223372036850275807
2, 46, 0, 9223372036854775807, 0, 9223372036850175807
2, 47, 0, 9223372036854775807, 0, 9223372036850075807
2, 48, 0, 9223372036854775807, 0, 9223372036849975807
2, 49, 0, 9223372036854775807, 0, 9223372036849875807
2, 50, 0, 9223372036854775807, 0, 9223372036849775807
2, 51, 0, 9223372036854775807, 0, 9223372036849675807
2, 52, 0, 9223372036854775807, 0, 9223372036849575807
2, 53, 0, 9223372036854775807, 0, 9223372036849475807
2, 54, 0, 9223372036854775807, 0, 9223372036849375807
2, 55, 0, 9223372036854775807, 0, 9223372036849275807
2, 56, 0, 9223372036854775807, 0, 9223372036849175807
2, 57, 0, 9223372036854775807, 0, 9223372036849075807
2, 58, 0, 9223372036854775807, 0, 9223372036848975807
2, 59, 0, 9223372036854775807, 0, 9223372036848875807
2, 60, 0, 9223372036854775807, 0, 9223372036848775807
2, 61, 0, 9223372036854775807, 0, 9223372036848675807
2, 62, 0, 9223372036854775807, 0, 9223372036848575807
2, 63, 0, 9223372036854775807, 0, 9223372036848475807
2, 64, 0, 9223372036854775807, 0, 9223372036848375807
2, 65, 0, 9223372036854775807, 0, 9223372036848275807
2, 66, 0, 9223372036854775807, 0, 9223372036848175807
2, 67, 0, 9223372036854775807, 0, 9223372036848075807
2, 68, 0, 9223372036854775807, 0, 9223372036847975807
2, 69, 0, 9223372036854775807, 0, 9223372036847875807
2, 70, 0, 9223372036854775807, 0, 9223372036847775807
2, 71, 0, 9223372036854775807, 0, 9223372036847675807
2, 72, 0, 9223372036854775807, 0, 9223372036847575807
2, 73, 0, 9223372036854775807, 0, 9223372036847475807
2, 74, 0, 9223372036854775807, 0, 9223372036847375807
2, 75, 0, 9223372036854775807, 0, 9223372036847275807
2, 76, 0, 9223372036854775807, 0, 9223372036847175807
2, 77, 0, 9223372036854775807, 0, 9223372036847075807
2, 78, 0, 9223372036854775807, 0, 9223372036846975807
2, 79, 0, 9223372036854775807, 0, 9223372036846875807
2, 80, 0, 9223372036854775807, 0, 9223372036846775807
2, 81, 0, 9223372036854775807, 0, 9223372036846675807
2, 82, 0, 9223372036854775807, 0, 9223372036846575807
2, 83, 0, 9223372036854775807, 0, 9223372036846475807
2, 84, 0, 9223372036854775807, 0, 9223372036846375807
2, 85, 0, 9223372036854775807, 0, 9223372036846275807
2, 86, 0, 9223372036854775807, 0, 9223372036846175807
2, 87, 0, 9223372036854775807, 0, 9223372036846075807
2, 88, 0, 9223372036854775807, 0, 9223372036845975807
2, 89, 0, 9223372036854775807, 0, 9223372036845875807
2, 90, 0, 9223372036854775807, 0, 9223372036845775807
2, 91, 0, 9223372036854775807, 0, 9223372036845675807
2, 92, 0, 9223372036854775807, 0, 9223372036845575807
2, 93, 0, 9223372036854775807, 0, 9223372036845475807
2, 94, 0, 9223372036854775807, 0, 9223372036845375807
2, 95, 0, 9223372036854775807, 0, 9223372036845275807
2, 96, 0, 9223372036854775807, 0, 9223372036845175807
2, 97, 0, 9223372036854775807, 0, 9223372036845075807
2, 98, 0, 9223372036854775807, 0, 9223372036844975807
2, 99, 0, 9223372036854775807, 0, 9223372036844875807
2, 100, 0, 9223372036854775807, 0, 9223372036844775807
2, 101, 0, 9223372036854775807, 0, 9223372036844675807
2, 102, 0, 9223372036854775807, 0, 9223372036844575807
2, 103, 0, 9223372036854775807, 0, 9223372036844475807
2, 104, 0, 9223372036854775807, 0, 9223372036844375807
2, 105, 0, 9223372036854775807, 0, 9223372036844275807
2, 106, 0, 9223372036854775807, 0, 9223372036844175807
2, 107, 0, 9223372036854775807, 0, 9223372036844075807
2, 108, 0, 9223372036854775807, 0, 9223372036843975807
2, 109, 0, 9223372036854775807, 0, 9223372036843875807
2, 110, 0, 9223372036854775807, 0, 9223372036843775807
2, 111, 0, 9223372036854775807, 0, 9223372036843675807
2, 112, 0, 9223372036854775807, 0, 9223372036843575807
2, 113, 0, 9223372036854775807, 0, 9223372036843475807
2, 114, 0, 9223372036854775807, 0, 9223372036843375807
2, 115, 0, 9223372036854775807, 0, 9223372036843275807
2, 116, 0, 9223372036854775807, 0, 9223372036843175807
2, 117, 0, 9223372036854775807, 0, 9223372036843075807
2, 118, 0, 9223372036854775807, 0, 9223372036842975807
2, 119, 0, 9223372036854775807, 0, 9223372036842875807
2, 120, 0, 9223372036854775807, 0, 9223372036842775807
2, 121, 0, 9223372036854775807, 0, 9223372036842675807
2, 122, 0, 9223372036854775807, 0, 9223372036842575807
2, 123, 0, 9223372036854775807, 0, 9223372036842475807
2, 124, 0, 9223372036854775807, 0, 9223372036842375807
2, 125, 0, 9223372036854775807, 0, 9223372036842275807
2, 126, 0, 9223372036854775807, 0, 9223372036842175807
2, 127, 0, 9223372036854775807, 0, 9223372036842075807
2, 128, 0, 9223372036854775807, 0, 9223372036841975807
2, 129, 0, 9223372036854775807, 0, 9223372036841875807
2, 130, 0, 9223372036854775807, 0, 9223372036841775807
2, 131, 0, 9223372036854775807, 0, 9223372036841675807
2, 132, 0, 9223372036854775807, 0, 9223372036841575807
2, 133, 0, 9223372036854775807, 0, 9223372036841475807
2, 134, 0, 9223372036854775807, 0, 9223372036841375807
2, 135, 0, 9223372036854775807, 0, 9223372036841275807
2, 136, 0, 9223372036854775807, 0, 9223372036841175807
2, 137, 0, 9223372036854775807, 0, 9223372036841075807
2, 138, 0, 9223372036854775807, 0, 9223372036840975807
2, 139, 0, 9223372036854775807, 0, 9223372036840875807
2, 140, 0, 9223372036854775807, 0, 9223372036840775807
2, 141, 0, 9223372036854775807, 0, 9223372036840675807
2, 142, 0, 9223372036854775807, 0, 9223372036840575807
2, 143, 0, 9223372036854775807, 0, 9223372036840475807
2, 144, 0, 9223372036854775807, 0, 9223372036840375807
2, 145, 0, 9223372036854775807, 0, 9223372036840275807
2, 146, 0, 9223372036854775807, 0, 9223372036840175807
2, 147, 0, 9223372036854775807, 0, 9223372036840075807
2, 148, 0, 9223372036854775807, 0, 9223372036839975807
2, 149, 0, 9223372036854775807, 0, 9223372036839875807
2, 150, 0, 9223372036854775807, 0, 9223372036839775807
2, 151, 0, 9223372036854775807, 0, 9223372036839675807
2, 152, 0, 9223372036854775807, 0, 9223372036839575807
2, 153, 0, 9223372036854775807, 0, 9223372036839475807
2, 154, 0, 9223372036854775807, 0, 9223372036839375807
2, 155, 0, 9223372036854775807, 0, 9223372036839275807
2, 156, 0, 9223372036854775807, 0, 9223372036839175807
2, 157, 0, 9223372036854775807, 0, 9223372036839075807
2, 158, 0, 9223372036854775807, 0, 9223372036838975807
2, 159, 0, 9223372036854775807, 0, 9223372036838875807
2, 160, 0, 9223372036854775807, 0, 9223372036838775807
2, 161, 0, 9223372036854775807, 0, 9223372036838675807
2, 162, 0, 9223372036854775807, 0, 9223372036838575807
2, 163, 0, 9223372036854775807, 0, 9223372036838475807
2, 164, 0, 9223372036854775807, 0, 9223372036838375807
2, 165, 0, 9223372036854775807, 0, 9223372036838275807
2, 166, 0, 9223372036854775807, 0, 9223372036838175807
2, 167, 0, 9223372036854775807, 0, 9223372036838075807
2, 168, 0, 9223372036854775807, 0, 9223372036837975807
2, 169, 0, 9223372036854775807, 0, 9223372036837875807
2, 170, 0, 9223372036854775807, 0, 9223372036837775807
2, 171, 0, 9223372036854775807, 0, 9223372036837675807
2, 172, 0, 9223372036854775807, 0, 9223372036837575807
2, 173, 0, 9223372036854775807, 0, 9223372036837475807
2, 174, 0, 9223372036854775807, 0, 9223372036837375807
2, 175, 0, 9223372036854775807, 0, 9223372036837275807
2, 176, 0, 9223372036854775807, 0, 9223372036837175807
2, 177, 0, 9223372036854775807, 0, 9223372036837075807
2, 178, 0, 9223372036854775807, 0, 9223372036836975807
2, 179, 0, 9223372036854775807, 0, 9223372036836875807
2, 180, 0, 9223372036854775807, 0, 9223372036836775807
2, 181, 0, 9223372036854775807, 0, 9223372036836675807
2, 182, 0, 9223372036854775807, 0, 9223372036836575807
2, 183, 0, 9223372036854775807, 0, 9223372036836475807
2, 184, 0, 9223372036854775807, 0, 9223372036836375807
2, 185, 0, 9223372036854775807, 0, 9223372036836275807
2, 186, 0, 9223372036854775807, 0, 9223372036836175807
2, 187, 0, 9223372036854775807, 0, 9223372036836075807
2, 188, 0, 9223372036854775807, 0, 9223372036835975807
2, 189, 0, 9223372036854775807, 0, 9223372036835875807
2, 190, 0, 9223372036854775807, 0, 9223372036835775807
2, 191, 0, 9223372036854775807, 0, 9223372036835675807
2, 192, 0, 9223372036854775807, 0, 9223372036835575807
2, 193, 0, 9223372036854775807, 0, 9223372036835475807
2, 194, 0, 9223372036854775807, 0, 9223372036835375807
2, 195, 0, 9223372036854775807, 0, 9223372036835275807
2, 196, 0, 9223372036854775807, 0, 9223372036835175807
2, 197, 0, 9223372036854775807, 0, 9223372036835075807
2, 198, 0, 9223372036854775807, 0, 9223372036834975807
2, 199, 0, 9223372036854775807, 0, 9223372036834875807
2, 200, 0, 9223372036854775807, 0, 9223372036834775807
2, 201, 0, 9223372036854775807, 0, 9223372036834675807
2, 202, 0, 9223372036854775807, 0, 9223372036834575807
2, 203, 0, 9223372036854775807, 0, 9223372036834475807
2, 204, 0, 9223372036854775807, 0, 9223372036834375807
2, 205, 0, 9223372036854775807, 0, 9223372036834275807
2, 206, 0, 9223372036854775807, 0, 9223372036834175807
2, 207, 0, 9223372036854775807, 0, 9223372036834075807
2, 208, 0, 9223372036854775807, 0, 9223372036833975807
2, 209, 0, 9223372036854775807, 0, 9223372036833875807
2, 210, 0, 9223372036854775807, 0, 9223372036833775807
2, 211, 0, 9223372036854775807, 0, 9223372036833675807
2, 212, 0, 9223372036854775807, 0, 9223372036833575807
2, 213, 0, 9223372036854775807, 0, 9223372036833475807
2, 214, 0, 9223372036854775807, 0, 9223372036833375807
2, 215, 0, 9223372036854775807, 0, 9223372036833275807
2, 216, 0, 9223372036854775807, 0, 9223372036833175807
2, 217, 0, 9223372036854775807, 0, 9223372036833075807
2, 218, 0, 9223372036854775807, 0, 9223372036832975807
2, 219, 0, 9223372036854775807, 0, 9223372036832875807
2, 220, 0, 9223372036854775807, 0, 9223372036832775807
2, 221, 0, 9223372036854775807, 0, 9223372036832675807
2, 222, 0, 9223372036854775807, 0, 9223372036832575807
2, 223, 0, 9223372036854775807, 0, 9223372036832475807
2, 224, 0, 9223372036854775807, 0, 9223372036832375807
2, 225, 0, 9223372036854775807, 0, 9223372036832275807
2, 226, 0, 9223372036854775807, 0, 9223372036832175807
2, 227, 0, 9223372036854775807, 0, 9223372036832075807
2, 228, 0, 9223372036854775807, 0, 9223372036831975807
2, 229, 0, 9223372036854775807, 0, 9223372036831875807
2, 230, 0, 9223372036854775807, 0, 9223372036831775807
2, 231, 0, 9223372036854775807, 0, 9223372036831675807
2, 232, 0, 9223372036854775807, 0, 9223372036831575807
2, 233, 0, 9223372036854775807, 0, 9223372036831475807
2, 234, 0, 9223372036854775807, 0, 9223372036831375807
2, 235, 0, 9223372036854775807, 0, 9223372036831275807
2, 236, 0, 9223372036854775807, 0, 9223372036831175807
2, 237, 0, 9223372036854775807, 0, 9223372036831075807
2, 238, 0, 9223372036854775807, 0, 9223372036830975807
2, 239, 0, 9223372036854775807, 0, 9223372036830875807
2, 240, 0, 9223372036854775807, 0, 9223372036830775807
2, 241, 0, 9223372036854775807, 0, 9223372036830675807
2, 242, 0, 9223372036854775807, 0, 9223372036830575807
2, 243, 0, 9223372036854775807, 0, 9223372036830475807
2, 244, 0, 9223372036854775807, 0, 9223372036830375807
2, 245, 0, 9223372036854775807, 0, 9223372036830275807
2, 246, 0, 9223372036854775807, 0, 9223372036830175807
2, 247, 0, 9223372036854775807, 0, 9223372036830075807
2, 248, 0, 9223372036854775807, 0, 9223372036829975807
2, 249, 0, 9223372036854775807, 0, 9223372036829875807
2, 250, 0, 9223372036854775807, 0, 9223372036829775807
2, 251, 0, 9223372036854775807, 0, 9223372036829675807
2, 252, 0, 9223372036854775807, 0, 9223372036829575807
2, 253, 0, 9223372036854775807, 0, 9223372036829475807
2, 254, 0, 9223372036854775807, 0, 9223372036829375807
2, 255, 0, 9223372036854775807, 0, 9223372036829275807
2, 256, 0, 9223372036854775807, 0, 9223372036829175807
2, 257, 0, 9223372036854775807, 0, 9223372036829075807
2, 258, 0, 9223372036854775807, 0, 9223372036828975807
2, 259, 0, 9223372036854775807, 0, 9223372036828875807
2, 260, 0, 9223372036854775807, 0, 9223372036828775807
2, 261, 0, 9223372036854775807, 0, 9223372036828675807
2, 262, 0, 9223372036854775807, 0, 9223372036828575807
2, 263, 0, 9223372036854775807, 0, 9223372036828475807
2, 264, 0, 9223372036854775807, 0, 9223372036828375807
2, 265, 0, 9223372036854775807, 0, 9223372036828275807
2, 266, 0, 9223372036854775807, 0, 9223372036828175807
2, 267, 0, 9223372036854775807, 0, 9223372036828075807
2, 268, 0, 9223372036854775807, 0, 9223372036827975807
2, 269, 0, 9223372036854775807, 0, 9223372036827875807
2, 270, 0, 9223372036854775807, 0, 9223372036827775807
2, 271, 0, 9223372036854775807, 0, 9223372036827675807
2, 272, 0, 9223372036854775807, 0, 9223372036827575807
2, 273, 0, 9223372036854775807, 0, 9223372036827475807
2, 274, 0, 9223372036854775807, 0, 9223372036827375807
2, 275, 0, 9223372036854775807, 0, 9223372036827275807
2, 276, 0, 9223372036854775807, 0, 9223372036827175807
2, 277, 0, 9223372036854775807, 0, 9223372036827075807
2, 278, 0, 9223372036854775807, 0, 9223372036826975807
2, 279, 0, 9223372036854775807, 0, 9223372036826875807
2, 280, 0, 9223372036854775807, 0, 9223372036826775807
2, 281, 0, 9223372036854775807, 0, 9223372036826675807
2, 282, 0, 9223372036854775807, 0, 9223372036826575807
2, 283, 0, 9223372036854775807, 0, 9223372036826475807
2, 284, 0, 9223372036854775807, 0, 9223372036826375807
2, 285, 0, 9223372036854775807, 0, 9223372036826275807
2, 286, 0, 9223372036854775807, 0, 9223372036826175807
2, 287, 0, 9223372036854775807, 0, 9223372036826075807
2, 288, 0, 9223372036854775807, 0, 9223372036825975807
2, 289, 0, 9223372036854775807, 0, 9223372036825875807
2, 290, 0, 9223372036854775807, 0, 9223372036825775807
2, 291, 0, 9223372036854775807, 0, 9223372036825675807
2, 292, 0, 9223372036854775807, 0, 9223372036825575807
2, 293, 0, 9223372036854775807, 0, 9223372036825475807
2, 294, 0, 9223372036854775807, 0, 9223372036825375807
2, 295, 0, 9223372036854775807, 0, 9223372036825275807
2, 296, 0, 9223372036854775807, 0, 9223372036825175807
2, 297, 0, 9223372036854775807, 0, 9223372036825075807
2, 298, 0, 9223372036854775807, 0, 9223372036824975807
2, 299, 0, 9223372036854775807, 0, 9223372036824875807
2, 300, 0, 9223372036854775807, 0, 9223372036824775807
2, 301, 0, 9223372036854775807, 0, 9223372036824675807
2, 302, 0, 9223372036854775807, 0, 9223372036824575807
2, 303, 0, 9223372036854775807, 0, 9223372036824475807
2, 304, 0, 9223372036854775807, 0, 9223372036824375807
2, 305, 0, 9223372036854775807, 0, 9223372036824275807
2, 306, 0, 9223372036854775807, 0, 9223372036824175807
2, 307, 0, 9223372036854775807, 0, 9223372036824075807
2, 308, 0, 9223372036854775807, 0, 9223372036823975807
2, 309, 0, 9223372036854775807, 0, 9223372036823875807
2, 310, 0, 9223372036854775807, 0, 9223372036823775807
2, 311, 0, 9223372036854775807, 0, 9223372036823675807
2, 312, 0, 9223372036854775807, 0, 9223372036823575807
2, 313, 0, 9223372036854775807, 0, 9223372036823475807
2, 314, 0, 9223372036854775807, 0, 9223372036823375807
2, 315, 0, 9223372036854775807, 0, 9223372036823275807
2, 316, 0, 9223372036854775807, 0, 9223372036823175807
2, 317, 0, 9223372036854775807, 0, 9223372036823075807
2, 318, 0, 9223372036854775807, 0, 9223372036822975807
2, 319, 0, 9223372036854775807, 0, 9223372036822875807
2, 320, 0, 9223372036854775807, 0, 9223372036822775807
2, 321, 0, 9223372036854775807, 0, 9223372036822675807
2, 322, 0, 9223372036854775807, 0, 9223372036822575807
2, 323, 0, 9223372036854775807, 0, 9223372036822475807
2, 324, 0, 9223372036854775807, 0, 9223372036822375807
2, 325, 0, 9223372036854775807, 0, 9223372036822275807
2, 326, 0, 9223372036854775807, 0, 9223372036822175807
2, 327, 0, 9223372036854775807, 0, 9223372036822075807
2, 328, 0, 9223372036854775807, 0, 9223372036821975807
2, 329, 0, 9223372036854775807, 0, 9223372036821875807
2, 330, 0, 9223372036854775807, 0, 9223372036821775807
2, 331, 0, 9223372036854775807, 0, 9223372036821675807
2, 332, 0, 9223372036854775807, 0, 9223372036821575807
2, 333, 0, 9223372036854775807, 0, 9223372036821475807
2, 334, 0, 9223372036854775807, 0, 9223372036821375807
2, 335, 0, 9223372036854775807, 0, 9223372036821275807
2, 336, 0, 9223372036854775807, 0, 9223372036821175807
2, 337, 0, 9223372036854775807, 0, 9223372036821075807
2, 338, 0, 9223372036854775807, 0, 9223372036820975807
2, 339, 0, 9223372036854775807, 0, 9223372036820875807
2, 340, 0, 9223372036854775807, 0, 9223372036820775807
2, 341, 0, 9223372036854775807, 0, 9223372036820675807
2, 342, 0, 9223372036854775807, 0, 9223372036820575807
2, 343, 0, 9223372036854775807, 0, 9223372036820475807
2, 344, 0, 9223372036854775807, 0, 9223372036820375807
2, 345, 0, 9223372036854775807, 0, 9223372036820275807
2, 346, 0, 9223372036854775807, 0, 9223372036820175807
2, 347, 0, 9223372036854775807, 0, 9223372036820075807
2, 348, 0, 9223372036854775807, 0, 9223372036819975807
2, 349, 0, 9223372036854775807, 0, 9223372036819875807
2, 350, 0, 9223372036854775807, 0, 9223372036819775807
2, 351, 0, 9223372036854775807, 0, 9223372036819675807
2, 352, 0, 9223372036854775807, 0, 9223372036819575807
2, 353, 0, 9223372036854775807, 0, 9223372036819475807
2, 354, 0, 9223372036854775807, 0, 9223372036819375807
2, 355, 0, 9223372036854775807, 0, 9223372036819275807
2, 356, 0, 9223372036854775807, 0, 9223372036819175807
2, 357, 0, 9223372036854775807, 0, 9223372036819075807
2, 358, 0, 9223372036854775807, 0, 9223372036818975807
2, 359, 0, 9223372036854775807, 0, 9223372036818875807
2, 360, 0, 9223372036854775807, 0, 9223372036818775807
2, 361, 0, 9223372036854775807, 0, 9223372036818675807
2, 362, 0, 9223372036854775807, 0, 9223372036818575807
2, 363, 0, 9223372036854775807, 0, 9223372036818475807
2, 364, 0, 9223372036854775807, 0, 9223372036818375807
2, 365, 0, 9223372036854775807, 0, 9223372036818275807
2, 366, 0, 9223372036854775807, 0, 9223372036818175807
2, 367, 0, 9223372036854775807, 0, 9223372036818075807
2, 368, 0, 9223372036854775807, 0, 9223372036817975807
2, 369, 0, 9223372036854775807, 0, 9223372036817875807
2, 370, 0, 9223372036854775807, 0, 9223372036817775807
2, 371, 0, 9223372036854775807, 0, 9223372036817675807
2, 372, 0, 9223372036854775807, 0, 9223372036817575807
2, 373, 0, 9223372036854775807, 0, 9223372036817475807
2, 374, 0, 9223372036854775807, 0, 9223372036817375807
2, 375, 0, 9223372036854775807, 0, 9223372036817275807
2, 376, 0, 9223372036854775807, 0, 9223372036817175807
2, 377, 0, 9223372036854775807, 0, 9223372036817075807
2, 378, 0, 9223372036854775807, 0, 9223372036816975807
2, 379, 0, 9223372036854775807, 0, 9223372036816875807
2, 380, 0, 9223372036854775807, 0, 9223372036816775807
2, 381, 0, 9223372036854775807, 0, 9223372036816675807
2, 382, 0, 9223372036854775807, 0, 9223372036816575807
2, 383, 0, 9223372036854775807, 0, 9223372036816475807
2, 384, 0, 9223372036854775807, 0, 9223372036816375807
2, 385, 0, 9223372036854775807, 0, 9223372036816275807
2, 386, 0, 9223372036854775807, 0, 9223372036816175807
2, 387, 0, 9223372036854775807, 0, 9223372036816075807
2, 388, 0, 9223372036854775807, 0, 9223372036815975807
2, 389, 0, 9223372036854775807, 0, 9223372036815875807
2, 390, 0, 9223372036854775807, 0, 9223372036815775807
2, 391, 0, 9223372036854775807, 0, 9223372036815675807
2, 392, 0, 9223372036854775807, 0, 9223372036815575807
2, 393, 0, 9223372036854775807, 0, 9223372036815475807
2, 394, 0, 9223372036854775807, 0, 9223372036815375807
2, 395, 0, 9223372036854775807, 0, 9223372036815275807
2, 396, 0, 9223372036854775807, 0, 9223372036815175807
2, 397, 0, 9223372036854775807, 0, 9223372036815075807
2, 398, 0, 9223372036854775807, 0, 9223372036814975807
2, 399, 0, 9223372036854775807, 0, 9223372036814875807
2, 400, 0, 9223372036854775807, 0, 9223372036814775807
2, 401, 0, 9223372036854775807, 0, 9223372036814675807
2, 402, 0, 9223372036854775807, 0, 9223372036814575807
2, 403, 0, 9223372036854775807, 0, 9223372036814475807
2, 404, 0, 9223372036854775807, 0, 9223372036814375807
2, 405, 0, 9223372036854775807, 0, 9223372036814275807
2, 406, 0, 9223372036854775807, 0, 9223372036814175807
2, 407, 0, 9223372036854775807, 0, 9223372036814075807
2, 408, 0, 9223372036854775807, 0, 9223372036813975807
2, 409, 0, 9223372036854775807, 0, 9223372036813875807
2, 410, 0, 9223372036854775807, 0, 9223372036813775807
2, 411, 0, 9223372036854775807, 0, 9223372036813675807
2, 412, 0, 9223372036854775807, 0, 9223372036813575807
2, 413, 0, 9223372036854775807, 0, 9223372036813475807
2, 414, 0, 9223372036854775807, 0, 9223372036813375807
2, 415, 0, 9223372036854775807, 0, 9223372036813275807
2, 416, 0, 9223372036854775807, 0, 9223372036813175807
2, 417, 0, 9223372036854775807, 0, 9223372036813075807
2, 418, 0, 9223372036854775807, 0, 9223372036812975807
2, 419, 0, 9223372036854775807, 0, 9223372036812875807
3, 0, 6830, 91745, 6830, 91745
3, 1, 0, 9223372036854775807, 0, 9223372036854675807
3, 2, 0, 9223372036854775807, 0, 9223372036854575807
3, 3, 0, 9223372036854775807, 0, 9223372036854475807
3, 4, 0, 9223372036854775807, 0, 9223372036854375807
3, 5, 0, 9223372036854775807, 0, 9223372036854275807
3, 6, 0, 9223372036854775807, 0, 9223372036854175807
3, 7, 0, 9223372036854775807, 0, 9223372036854075807
3, 8, 0, 9223372036854775807, 0, 9223372036853975807
3, 9, 0, 9223372036854775807, 0, 9223372036853875807
3, 10, 0, 9223372036854775807, 0, 9223372036853775807
3, 11, 0, 9223372036854775807, 0, 9223372036853675807
3, 12, 0, 9223372036854775807, 0, 9223372036853575807
3, 13, 0, 9223372036854775807, 0, 9223372036853475807
3, 14, 0, 9223372036854775807, 0, 9223372036853375807
3, 15, 0, 9223372036854775807, 0, 9223372036853275807
3, 16, 0, 9223372036854775807, 0, 9223372036853175807
3, 17, 0, 9223372036854775807, 0, 9223372036853075807
3, 18, 0, 9223372036854775807, 0, 9223372036852975807
3, 19, 0, 9223372036854775807, 0, 9223372036852875807
3, 20, 0, 9223372036854775807, 0, 9223372036852775807
3, 21, 0, 9223372036854775807, 0, 9223372036852675807
3, 22, 0, 9223372036854775807, 0, 9223372036852575807
3, 23, 0, 9223372036854775807, 0, 9223372036852475807
3, 24, 0, 9223372036854775807, 0, 9223372036852375807
3, 25, 0, 9223372036854775807, 0, 9223372036852275807
3, 26, 0, 9223372036854775807, 0, 9223372036852175807
3, 27, 0, 9223372036854775807, 0, 9223372036852075807
3, 28, 0, 9223372036854775807, 0, 9223372036851975807
3, 29, 0, 9223372036854775807, 0, 9223372036851875807
3, 30, 0, 9223372036854775807, 0, 9223372036851775807
3, 31, 0, 9223372036854775807, 0, 9223372036851675807
3, 32, 0, 9223372036854775807, 0, 9223372036851575807
3, 33, 0, 9223372036854775807, 0, 9223372036851475807
3, 34, 0, 9223372036854775807, 0, 9223372036851375807
3, 35, 0, 9223372036854775807, 0, 9223372036851275807
3, 36, 0, 9223372036854775807, 0, 9223372036851175807
3, 37, 0, 9223372036854775807, 0, 9223372036851075807
3, 38, 0, 9223372036854775807, 0, 9223372036850975807
3, 39, 0, 9223372036854775807, 0, 9223372036850875807
3, 40, 0, 9223372036854775807, 0, 9223372036850775807
3, 41, 0, 9223372036854775807, 0, 9223372036850675807
3, 42, 0, 9223372036854775807, 0, 9223372036850575807
3, 43, 0, 9223372036854775807, 0, 9223372036850475807
3, 44, 0, 9223372036854775807, 0, 9223372036850375807
3, 45, 0, 9223372036854775807, 0, 9223372036850275807
3, 46, 0, 9223372036854775807, 0, 9223372036850175807
3, 47, 0, 9223372036854775807, 0, 9223372036850075807
3, 48, 0, 9223372036854775807, 0, 9223372036849975807
3, 49, 0, 9223372036854775807, 0, 9223372036849875807
3, 50, 0, 9223372036854775807, 0, 9223372036849775807
3, 51, 0, 9223372036854775807, 0, 9223372036849675807
3, 52, 0, 9223372036854775807, 0, 9223372036849575807
3, 53, 0, 9223372036854775807, 0, 9223372036849475807
3, 54, 0, 9223372036854775807, 0, 9223372036849375807
3, 55, 0, 9223372036854775807, 0, 9223372036849275807
3, 56, 0, 9223372036854775807, 0, 9223372036849175807
3, 57, 0, 9223372036854775807, 0, 9223372036849075807
3, 58, 0, 9223372036854775807, 0, 9223372036848975807
3, 59, 0, 9223372036854775807, 0, 9223372036848875807
3, 60, 0, 9223372036854775807, 0, 9223372036848775807
3, 61, 0, 9223372036854775807, 0, 9223372036848675807
3, 62, 0, 9223372036854775807, 0, 9223372036848575807
3, 63, 0, 9223372036854775807, 0, 9223372036848475807
3, 64, 0, 9223372036854775807, 0, 9223372036848375807
3, 65, 0, 9223372036854775807, 0, 9223372036848275807
3, 66, 0, 9223372036854775807, 0, 9223372036848175807
3, 67, 0, 9223372036854775807, 0, 9223372036848075807
3, 68, 0, 9223372036854775807, 0, 9223372036847975807
3, 69, 0, 9223372036854775807, 0, 9223372036847875807
3, 70, 0, 9223372036854775807, 0, 9223372036847775807
3, 71, 0, 9223372036854775807, 0, 9223372036847675807
3, 72, 0, 9223372036854775807, 0, 9223372036847575807
3, 73, 0, 9223372036854775807, 0, 9223372036847475807
3, 74, 0, 9223372036854775807, 0, 9223372036847375807
3, 75, 0, 9223372036854775807, 0, 9223372036847275807
3, 76, 0, 9223372036854775807, 0, 9223372036847175807
3, 77, 0, 9223372036854775807, 0, 9223372036847075807
3, 78, 0, 9223372036854775807, 0, 9223372036846975807
3, 79, 0, 9223372036854775807, 0, 9223372036846875807
3, 80, 0, 9223372036854775807, 0, 9223372036846775807
3, 81, 0, 9223372036854775807, 0, 9223372036846675807
3, 82, 0, 9223372036854775807, 0, 9223372036846575807
3, 83, 0, 9223372036854775807, 0, 9223372036846475807
3, 84, 0, 9223372036854775807, 0, 9223372036846375807
3, 85, 0, 9223372036854775807, 0, 9223372036846275807
3, 86, 0, 9223372036854775807, 0, 9223372036846175807
3, 87, 0, 9223372036854775807, 0, 9223372036846075807
3, 88, 0, 9223372036854775807, 0, 9223372036845975807
3, 89, 0, 9223372036854775807, 0, 9223372036845875807
3, 90, 0, 9223372036854775807, 0, 9223372036845775807
3, 91, 0, 9223372036854775807, 0, 9223372036845675807
3, 92, 0, 9223372036854775807, 0, 9223372036845575807
3, 93, 0, 9223372036854775807, 0, 9223372036845475807
3, 94, 0, 9223372036854775807, 0, 9223372036845375807
3, 95, 0, 9223372036854775807, 0, 9223372036845275807
3, 96, 0, 9223372036854775807, 0, 9223372036845175807
3, 97, 0, 9223372036854775807, 0, 9223372036845075807
3, 98, 0, 9223372036854775807, 0, 9223372036844975807
3, 99, 0, 9223372036854775807, 0, 9223372036844875807
3, 100, 0, 9223372036854775807, 0, 9223372036844775807
3, 101, 0, 9223372036854775807, 0, 9223372036844675807
3, 102, 0, 9223372036854775807, 0, 9223372036844575807
3, 103, 0, 9223372036854775807, 0, 9223372036844475807
3, 104, 0, 9223372036854775807, 0, 9223372036844375807
3, 105, 0, 9223372036854775807, 0, 9223372036844275807
3, 106, 0, 9223372036854775807, 0, 9223372036844175807
3, 107, 0, 9223372036854775807, 0, 9223372036844075807
3, 108, 0, 9223372036854775807, 0, 9223372036843975807
3, 109, 0, 9223372036854775807, 0, 9223372036843875807
3, 110, 0, 9223372036854775807, 0, 9223372036843775807
3, 111, 0, 9223372036854775807, 0, 9223372036843675807
3, 112, 0, 9223372036854775807, 0, 9223372036843575807
3, 113, 0, 9223372036854775807, 0, 9223372036843475807
3, 114, 0, 9223372036854775807, 0, 9223372036843375807
3, 115, 0, 9223372036854775807, 0, 9223372036843275807
3, 116, 0, 9223372036854775807, 0, 9223372036843175807
3, 117, 0, 9223372036854775807, 0, 9223372036843075807
3, 118, 0, 9223372036854775807, 0, 9223372036842975807
3, 119, 0, 9223372036854775807, 0, 9223372036842875807
3, 120, 0, 9223372036854775807, 0, 9223372036842775807
3, 121, 0, 9223372036854775807, 0, 9223372036842675807
3, 122, 0, 9223372036854775807, 0, 9223372036842575807
3, 123, 0, 9223372036854775807, 0, 9223372036842475807
3, 124, 0, 9223372036854775807, 0, 9223372036842375807
3, 125, 0, 9223372036854775807, 0, 9223372036842275807
3, 126, 0, 9223372036854775807, 0, 9223372036842175807
3, 127, 0, 9223372036854775807, 0, 9223372036842075807
3, 128, 0, 9223372036854775807, 0, 9223372036841975807
3, 129, 0, 9223372036854775807, 0, 9223372036841875807
3, 130, 0, 9223372036854775807, 0, 9223372036841775807
3, 131, 0, 9223372036854775807, 0, 9223372036841675807
3, 132, 0, 9223372036854775807, 0, 9223372036841575807
3, 133, 0, 9223372036854775807, 0, 9223372036841475807
3, 134, 0, 9223372036854775807, 0, 9223372036841375807
3, 135, 0, 9223372036854775807, 0, 9223372036841275807
3, 136, 0, 9223372036854775807, 0, 9223372036841175807
3, 137, 0, 9223372036854775807, 0, 9223372036841075807
3, 138, 0, 9223372036854775807, 0, 9223372036840975807
3, 139, 0, 9223372036854775807, 0, 9223372036840875807
3, 140, 0, 9223372036854775807, 0, 9223372036840775807
3, 141, 0, 9223372036854775807, 0, 9223372036840675807
3, 142, 0, 9223372036854775807, 0, 9223372036840575807
3, 143, 0, 9223372036854775807, 0, 9223372036840475807
3, 144, 0, 9223372036854775807, 0, 9223372036840375807
3, 145, 0, 9223372036854775807, 0, 9223372036840275807
3, 146, 0, 9223372036854775807, 0, 9223372036840175807
3, 147, 0, 9223372036854775807, 0, 9223372036840075807
3, 148, 0, 9223372036854775807, 0, 9223372036839975807
3, 149, 0, 9223372036854775807, 0, 9223372036839875807
3, 150, 0, 9223372036854775807, 0, 9223372036839775807
3, 151, 0, 9223372036854775807, 0, 9223372036839675807
3, 152, 0, 9223372036854775807, 0, 9223372036839575807
3, 153, 0, 9223372036854775807, 0, 9223372036839475807
3, 154, 0, 9223372036854775807, 0, 9223372036839375807
3, 155, 0, 9223372036854775807, 0, 9223372036839275807
3, 156, 0, 9223372036854775807, 0, 9223372036839175807
3, 157, 0, 9223372036854775807, 0, 9223372036839075807
3, 158, 0, 9223372036854775807, 0, 9223372036838975807
3, 159, 0, 9223372036854775807, 0, 9223372036838875807
3, 160, 0, 9223372036854775807, 0, 9223372036838775807
3, 161, 0, 9223372036854775807, 0, 9223372036838675807
3, 162, 0, 9223372036854775807, 0, 9223372036838575807
3, 163, 0, 9223372036854775807, 0, 9223372036838475807
3, 164, 0, 9223372036854775807, 0, 9223372036838375807
3, 165, 0, 9223372036854775807, 0, 9223372036838275807
3, 166, 0, 9223372036854775807, 0, 9223372036838175807
3, 167, 0, 9223372036854775807, 0, 9223372036838075807
3, 168, 0, 9223372036854775807, 0, 9223372036837975807
3, 169, 0, 9223372036854775807, 0, 9223372036837875807
3, 170, 0, 9223372036854775807, 0, 9223372036837775807
3, 171, 0, 9223372036854775807, 0, 9223372036837675807
3, 172, 0, 9223372036854775807, 0, 9223372036837575807
3, 173, 0, 9223372036854775807, 0, 9223372036837475807
3, 174, 0, 9223372036854775807, 0, 9223372036837375807
3, 175, 0, 9223372036854775807, 0, 9223372036837275807
3, 176, 0, 9223372036854775807, 0, 9223372036837175807
3, 177, 0, 9223372036854775807, 0, 9223372036837075807
3, 178, 0, 9223372036854775807, 0, 9223372036836975807
3, 179, 0, 9223372036854775807, 0, 9223372036836875807
3, 180, 0, 9223372036854775807, 0, 9223372036836775807
3, 181, 0, 9223372036854775807, 0, 9223372036836675807
3, 182, 0, 9223372036854775807, 0, 9223372036836575807
3, 183, 0, 9223372036854775807, 0, 9223372036836475807
3, 184, 0, 9223372036854775807, 0, 9223372036836375807
3, 185, 0, 9223372036854775807, 0, 9223372036836275807
3, 186, 0, 9223372036854775807, 0, 9223372036836175807
3, 187, 0, 9223372036854775807, 0, 9223372036836075807
3, 188, 0, 9223372036854775807, 0, 9223372036835975807
3, 189, 0, 9223372036854775807, 0, 9223372036835875807
3, 190, 0, 9223372036854775807, 0, 9223372036835775807
3, 191, 0, 9223372036854775807, 0, 9223372036835675807
3, 192, 0, 9223372036854775807, 0, 9223372036835575807
3, 193, 0, 9223372036854775807, 0, 9223372036835475807
3, 194, 0, 9223372036854775807, 0, 9223372036835375807
3, 195, 0, 9223372036854775807, 0, 9223372036835275807
3, 196, 0, 9223372036854775807, 0, 9223372036835175807
3, 197, 0, 9223372036854775807, 0, 9223372036835075807
3, 198, 0, 9223372036854775807, 0, 9223372036834975807
3, 199, 0, 9223372036854775807, 0, 9223372036834875807
3, 200, 0, 9223372036854775807, 0, 9223372036834775807
3, 201, 0, 9223372036854775807, 0, 9223372036834675807
3, 202, 0, 9223372036854775807, 0, 9223372036834575807
3, 203, 0, 9223372036854775807, 0, 9223372036834475807
3, 204, 0, 9223372036854775807, 0, 9223372036834375807
3, 205, 0, 9223372036854775807, 0, 9223372036834275807
3, 206, 0, 9223372036854775807, 0, 9223372036834175807
3, 207, 0, 9223372036854775807, 0, 9223372036834075807
3, 208, 0, 9223372036854775807, 0, 9223372036833975807
3, 209, 0, 9223372036854775807, 0, 9223372036833875807
3, 210, 0, 9223372036854775807, 0, 9223372036833775807
3, 211, 0, 9223372036854775807, 0, 9223372036833675807
3, 212, 0, 9223372036854775807, 0, 9223372036833575807
3, 213, 0, 9223372036854775807, 0, 9223372036833475807
3, 214, 0, 9223372036854775807, 0, 9223372036833375807
3, 215, 0, 9223372036854775807, 0, 9223372036833275807
3, 216, 0, 9223372036854775807, 0, 9223372036833175807
3, 217, 0, 9223372036854775807, 0, 9223372036833075807
3, 218, 0, 9223372036854775807, 0, 9223372036832975807
3, 219, 0, 9223372036854775807, 0, 9223372036832875807
3, 220, 0, 9223372036854775807, 0, 9223372036832775807
3, 221, 0, 9223372036854775807, 0, 9223372036832675807
3, 222, 0, 9223372036854775807, 0, 9223372036832575807
3, 223, 0, 9223372036854775807, 0, 9223372036832475807
3, 224, 0, 9223372036854775807, 0, 9223372036832375807
3, 225, 0, 9223372036854775807, 0, 9223372036832275807
3, 226, 0, 9223372036854775807, 0, 9223372036832175807
3, 227, 0, 9223372036854775807, 0, 9223372036832075807
3, 228, 0, 9223372036854775807, 0, 9223372036831975807
3, 229, 0, 9223372036854775807, 0, 9223372036831875807
3, 230, 0, 9223372036854775807, 0, 9223372036831775807
3, 231, 0, 9223372036854775807, 0, 9223372036831675807
3, 232, 0, 9223372036854775807, 0, 9223372036831575807
3, 233, 0, 9223372036854775807, 0, 9223372036831475807
3, 234, 0, 9223372036854775807, 0, 9223372036831375807
3, 235, 0, 9223372036854775807, 0, 9223372036831275807
3, 236, 0, 9223372036854775807, 0, 9223372036831175807
3, 237, 0, 9223372036854775807, 0, 9223372036831075807
3, 238, 0, 9223372036854775807, 0, 9223372036830975807
3, 239, 0, 9223372036854775807, 0, 9223372036830875807
3, 240, 0, 9223372036854775807, 0, 9223372036830775807
3, 241, 0, 9223372036854775807, 0, 9223372036830675807
3, 242, 0, 9223372036854775807, 0, 9223372036830575807
3, 243, 0, 9223372036854775807, 0, 9223372036830475807
3, 244, 0, 9223372036854775807, 0, 9223372036830375807
3, 245, 0, 9223372036854775807, 0, 9223372036830275807
3, 246, 0, 9223372036854775807, 0, 9223372036830175807
3, 247, 0, 9223372036854775807, 0, 9223372036830075807
3, 248, 0, 9223372036854775807, 0, 9223372036829975807
3, 249, 0, 9223372036854775807, 0, 9223372036829875807
3, 250, 0, 9223372036854775807, 0, 9223372036829775807
3, 251, 0, 9223372036854775807, 0, 9223372036829675807
3, 252, 0, 9223372036854775807, 0, 9223372036829575807
3, 253, 0, 9223372036854775807, 0, 9223372036829475807
3, 254, 0, 9223372036854775807, 0, 9223372036829375807
3, 255, 0, 9223372036854775807, 0, 9223372036829275807
3, 256, 0, 9223372036854775807, 0, 9223372036829175807
3, 257, 0, 9223372036854775807, 0, 9223372036829075807
3, 258, 0, 9223372036854775807, 0, 9223372036828975807
3, 259, 0, 9223372036854775807, 0, 9223372036828875807
3, 260, 0, 9223372036854775807, 0, 9223372036828775807
3, 261, 0, 9223372036854775807, 0, 9223372036828675807
3, 262, 0, 9223372036854775807, 0, 9223372036828575807
3, 263, 0, 9223372036854775807, 0, 9223372036828475807
3, 264, 0, 9223372036854775807, 0, 9223372036828375807
3, 265, 0, 9223372036854775807, 0, 9223372036828275807
3, 266, 0, 9223372036854775807, 0, 9223372036828175807
3, 267, 0, 9223372036854775807, 0, 9223372036828075807
3, 268, 0, 9223372036854775807, 0, 9223372036827975807
3, 269, 0, 9223372036854775807, 0, 9223372036827875807
3, 270, 0, 9223372036854775807, 0, 9223372036827775807
3, 271, 0, 9223372036854775807, 0, 9223372036827675807
3, 272, 0, 9223372036854775807, 0, 9223372036827575807
3, 273, 0, 9223372036854775807, 0, 9223372036827475807
3, 274, 0, 9223372036854775807, 0, 9223372036827375807
3, 275, 0, 9223372036854775807, 0, 9223372036827275807
3, 276, 0, 9223372036854775807, 0, 9223372036827175807
3, 277, 0, 9223372036854775807, 0, 9223372036827075807
3, 278, 0, 9223372036854775807, 0, 9223372036826975807
3, 279, 0, 9223372036854775807, 0, 9223372036826875807
3, 280, 0, 9223372036854775807, 0, 9223372036826775807
3, 281, 0, 9223372036854775807, 0, 9223372036826675807
3, 282, 0, 9223372036854775807, 0, 9223372036826575807
3, 283, 0, 9223372036854775807, 0, 9223372036826475807
3, 284, 0, 9223372036854775807, 0, 9223372036826375807
3, 285, 0, 9223372036854775807, 0, 9223372036826275807
3, 286, 0, 9223372036854775807, 0, 9223372036826175807
3, 287, 0, 9223372036854775807, 0, 9223372036826075807
3, 288, 0, 9223372036854775807, 0, 9223372036825975807
3, 289, 0, 9223372036854775807, 0, 9223372036825875807
3, 290, 0, 9223372036854775807, 0, 9223372036825775807
3, 291, 0, 9223372036854775807, 0, 9223372036825675807
3, 292, 0, 9223372036854775807, 0, 9223372036825575807
3, 293, 0, 9223372036854775807, 0, 9223372036825475807
3, 294, 0, 9223372036854775807, 0, 9223372036825375807
3, 295, 0, 9223372036854775807, 0, 9223372036825275807
3, 296, 0, 9223372036854775807, 0, 9223372036825175807
3, 297, 0, 9223372036854775807, 0, 9223372036825075807
3, 298, 0, 9223372036854775807, 0, 9223372036824975807
3, 299, 0, 9223372036854775807, 0, 9223372036824875807
3, 300, 0, 9223372036854775807, 0, 9223372036824775807
3, 301, 0, 9223372036854775807, 0, 9223372036824675807
3, 302, 0, 9223372036854775807, 0, 9223372036824575807
3, 303, 0, 9223372036854775807, 0, 9223372036824475807
3, 304, 0, 9223372036854775807, 0, 9223372036824375807
3, 305, 0, 9223372036854775807, 0, 9223372036824275807
3, 306, 0, 9223372036854775807, 0, 9223372036824175807
3, 307, 0, 9223372036854775807, 0, 9223372036824075807
3, 308, 0, 9223372036854775807, 0, 9223372036823975807
3, 309, 0, 9223372036854775807, 0, 9223372036823875807
3, 310, 0, 9223372036854775807, 0, 9223372036823775807
3, 311, 0, 9223372036854775807, 0, 9223372036823675807
3, 312, 0, 9223372036854775807, 0, 9223372036823575807
3, 313, 0, 9223372036854775807, 0, 9223372036823475807
3, 314, 0, 9223372036854775807, 0, 9223372036823375807
3, 315, 0, 9223372036854775807, 0, 9223372036823275807
3, 316, 0, 9223372036854775807, 0, 9223372036823175807
3, 317, 0, 9223372036854775807, 0, 9223372036823075807
3, 318, 0, 9223372036854775807, 0, 9223372036822975807
3, 319, 0, 9223372036854775807, 0, 9223372036822875807
3, 320, 0, 9223372036854775807, 0, 9223372036822775807
3, 321, 0, 9223372036854775807, 0, 9223372036822675807
3, 322, 0, 9223372036854775807, 0, 9223372036822575807
3, 323, 0, 9223372036854775807, 0, 9223372036822475807
3, 324, 0, 9223372036854775807, 0, 9223372036822375807
3, 325, 0, 9223372036854775807, 0, 9223372036822275807
3, 326, 0, 9223372036854775807, 0, 9223372036822175807
3, 327, 0, 9223372036854775807, 0, 9223372036822075807
3, 328, 0, 9223372036854775807, 0, 9223372036821975807
3, 329, 0, 9223372036854775807, 0, 9223372036821875807
3, 330, 0, 9223372036854775807, 0, 9223372036821775807
3, 331, 0, 9223372036854775807, 0, 9223372036821675807
3, 332, 0, 9223372036854775807, 0, 9223372036821575807
3, 333, 0, 9223372036854775807, 0, 9223372036821475807
3, 334, 0, 9223372036854775807, 0, 9223372036821375807
3, 335, 0, 9223372036854775807, 0, 9223372036821275807
3, 336, 0, 9223372036854775807, 0, 9223372036821175807
3, 337, 0, 9223372036854775807, 0, 9223372036821075807
3, 338, 0, 9223372036854775807, 0, 9223372036820975807
3, 339, 0, 9223372036854775807, 0, 9223372036820875807
3, 340, 0, 9223372036854775807, 0, 9223372036820775807
3, 341, 0, 9223372036854775807, 0, 9223372036820675807
3, 342, 0, 9223372036854775807, 0, 9223372036820575807
3, 343, 0, 9223372036854775807, 0, 9223372036820475807
3, 344, 0, 9223372036854775807, 0, 9223372036820375807
3, 345, 0, 9223372036854775807, 0, 9223372036820275807
3, 346, 0, 9223372036854775807, 0, 9223372036820175807
3, 347, 0, 9223372036854775807, 0, 9223372036820075807
3, 348, 0, 9223372036854775807, 0, 9223372036819975807
3, 349, 0, 9223372036854775807, 0, 9223372036819875807
3, 350, 0, 9223372036854775807, 0, 9223372036819775807
3, 351, 0, 9223372036854775807, 0, 9223372036819675807
3, 352, 0, 9223372036854775807, 0, 9223372036819575807
3, 353, 0, 9223372036854775807, 0, 9223372036819475807
3, 354, 0, 9223372036854775807, 0, 9223372036819375807
3, 355, 0, 9223372036854775807, 0, 9223372036819275807
3, 356, 0, 9223372036854775807, 0, 9223372036819175807
3, 357, 0, 9223372036854775807, 0, 9223372036819075807
3, 358, 0, 9223372036854775807, 0, 9223372036818975807
3, 359, 0, 9223372036854775807, 0, 9223372036818875807
3, 360, 0, 9223372036854775807, 0, 9223372036818775807
3, 361, 0, 9223372036854775807, 0, 9223372036818675807
3, 362, 0, 9223372036854775807, 0, 9223372036818575807
3, 363, 0, 9223372036854775807, 0, 9223372036818475807
3, 364, 0, 9223372036854775807, 0, 9223372036818375807
3, 365, 0, 9223372036854775807, 0, 9223372036818275807
3, 366, 0, 9223372036854775807, 0, 9223372036818175807
3, 367, 0, 9223372036854775807, 0, 9223372036818075807
3, 368, 0, 9223372036854775807, 0, 9223372036817975807
3, 369, 0, 9223372036854775807, 0, 9223372036817875807
3, 370, 0, 9223372036854775807, 0, 9223372036817775807
3, 371, 0, 9223372036854775807, 0, 9223372036817675807
3, 372, 0, 9223372036854775807, 0, 9223372036817575807
3, 373, 0, 9223372036854775807, 0, 9223372036817475807
3, 374, 0, 9223372036854775807, 0, 9223372036817375807
3, 375, 0, 9223372036854775807, 0, 9223372036817275807
3, 376, 0, 9223372036854775807, 0, 9223372036817175807
3, 377, 0, 9223372036854775807, 0, 9223372036817075807
3, 378, 0, 9223372036854775807, 0, 9223372036816975807
3, 379, 0, 9223372036854775807, 0, 9223372036816875807
3, 380, 0, 9223372036854775807, 0, 9223372036816775807
3, 381, 0, 9223372036854775807, 0, 9223372036816675807
3, 382, 0, 9223372036854775807, 0, 9223372036816575807
3, 383, 0, 9223372036854775807, 0, 9223372036816475807
3, 384, 0, 9223372036854775807, 0, 9223372036816375807
3, 385, 0, 9223372036854775807, 0, 9223372036816275807
3, 386, 0, 9223372036854775807, 0, 9223372036816175807
3, 387, 0, 9223372036854775807, 0, 9223372036816075807
3, 388, 0, 9223372036854775807, 0, 9223372036815975807
3, 389, 0, 9223372036854775807, 0, 9223372036815875807
3, 390, 0, 9223372036854775807, 0, 9223372036815775807
3, 391, 0, 9223372036854775807, 0, 9223372036815675807
3, 392, 0, 9223372036854775807, 0, 9223372036815575807
3, 393, 0, 9223372036854775807, 0, 9223372036815475807
3, 394, 0, 9223372036854775807, 0, 9223372036815375807
3, 395, 0, 9223372036854775807, 0, 9223372036815275807
3, 396, 0, 9223372036854775807, 0, 9223372036815175807
3, 397, 0, 9223372036854775807, 0, 9223372036815075807
3, 398, 0, 9223372036854775807, 0, 9223372036814975807
3, 399, 0, 9223372036854775807, 0, 9223372036814875807
3, 400, 0, 9223372036854775807, 0, 9223372036814775807
3, 401, 0, 9223372036854775807, 0, 9223372036814675807
3, 402, 0, 9223372036854775807, 0, 9223372036814575807
3, 403, 0, 9223372036854775807, 0, 9223372036814475807
3, 404, 0, 9223372036854775807, 0, 9223372036814375807
3, 405, 0, 9223372036854775807, 0, 9223372036814275807
3, 406, 0, 9223372036854775807, 0, 9223372036814175807
3, 407, 0, 9223372036854775807, 0, 9223372036814075807
3, 408, 0, 9223372036854775807, 0, 9223372036813975807
3, 409, 0, 9223372036854775807, 0, 9223372036813875807
3, 410, 0, 9223372036854775807, 0, 9223372036813775807
3, 411, 0, 9223372036854775807, 0, 9223372036813675807
3, 412, 0, 9223372036854775807, 0, 9223372036813575807
3, 413, 0, 9223372036854775807, 0, 9223372036813475807
3, 414, 0, 9223372036854775807, 0, 9223372036813375807
3, 415, 0, 9223372036854775807, 0, 9223372036813275807
3, 416, 0, 9223372036854775807, 0, 9223372036813175807
3, 417, 0, 9223372036854775807, 0, 9223372036813075807
3, 418, 0, 9223372036854775807, 0, 9223372036812975807
3, 419, 0, 9223372036854775807, 0, 9223372036812875807
4, 0, 4011, 88970, 4011, 88970
4, 1, 0, 9223372036854775807, 0, 9223372036854575807
4, 2, 0, 9223372036854775807, 0, 9223372036854375807
4, 3, 0, 9223372036854775807, 0, 9223372036854175807
4, 4, 0, 9223372036854775807, 0, 9223372036853975807
4, 5, 0, 9223372036854775807, 0, 9223372036853775807
4, 6, 0, 9223372036854775807, 0, 9223372036853575807
4, 7, 0, 9223372036854775807, 0, 9223372036853375807
4, 8, 0, 9223372036854775807, 0, 9223372036853175807
4, 9, 0, 9223372036854775807, 0, 9223372036852975807
4, 10, 0, 9223372036854775807, 0, 9223372036852775807
4, 11, 0, 9223372036854775807, 0, 9223372036852575807
4, 12, 0, 9223372036854775807, 0, 9223372036852375807
4, 13, 0, 9223372036854775807, 0, 9223372036852175807
4, 14, 0, 9223372036854775807, 0, 9223372036851975807
4, 15, 0, 9223372036854775807, 0, 9223372036851775807
4, 16, 0, 9223372036854775807, 0, 9223372036851575807
4, 17, 0, 9223372036854775807, 0, 9223372036851375807
4, 18, 0, 9223372036854775807, 0, 9223372036851175807
4, 19, 0, 9223372036854775807, 0, 9223372036850975807
4, 20, 0, 9223372036854775807, 0, 9223372036850775807
4, 21, 0, 9223372036854775807, 0, 9223372036850575807
4, 22, 0, 9223372036854775807, 0, 9223372036850375807
4, 23, 0, 9223372036854775807, 0, 9223372036850175807
4, 24, 0, 9223372036854775807, 0, 9223372036849975807
4, 25, 0, 9223372036854775807, 0, 9223372036849775807
4, 26, 0, 9223372036854775807, 0, 9223372036849575807
4, 27, 0, 9223372036854775807, 0, 9223372036849375807
4, 28, 0, 9223372036854775807, 0, 9223372036849175807
4, 29, 0, 9223372036854775807, 0, 9223372036848975807
4, 30, 0, 9223372036854775807, 0, 9223372036848775807
4, 31, 0, 9223372036854775807, 0, 9223372036848575807
4, 32, 0, 9223372036854775807, 0, 9223372036848375807
4, 33, 0, 9223372036854775807, 0, 9223372036848175807
4, 34, 0, 9223372036854775807, 0, 9223372036847975807
4, 35, 0, 9223372036854775807, 0, 9223372036847775807
4, 36, 0, 9223372036854775807, 0, 9223372036847575807
4, 37, 0, 9223372036854775807, 0, 9223372036847375807
4, 38, 0, 9223372036854775807, 0, 9223372036847175807
4, 39, 0, 9223372036854775807, 0, 9223372036846975807
4, 40, 0, 9223372036854775807, 0, 9223372036846775807
4, 41, 0, 9223372036854775807, 0, 9223372036846575807
4, 42, 0, 9223372036854775807, 0, 9223372036846375807
4, 43, 0, 9223372036854775807, 0, 9223372036846175807
4, 44, 0, 9223372036854775807, 0, 9223372036845975807
4, 45, 0, 9223372036854775807, 0, 9223372036845775807
4, 46, 0, 9223372036854775807, 0, 9223372036845575807
4, 47, 0, 9223372036854775807, 0, 9223372036845375807
4, 48, 0, 9223372036854775807, 0, 9223372036845175807
4, 49, 0, 9223372036854775807, 0, 9223372036844975807
4, 50, 0, 9223372036854775807, 0, 9223372036844775807
4, 51, 0, 9223372036854775807, 0, 9223372036844575807
4, 52, 0, 9223372036854775807, 0, 9223372036844375807
4, 53, 0, 9223372036854775807, 0, 9223372036844175807
4, 54, 0, 9223372036854775807, 0, 9223372036843975807
4, 55, 0, 9223372036854775807, 0, 9223372036843775807
4, 56, 0, 9223372036854775807, 0, 9223372036843575807
4, 57, 0, 9223372036854775807, 0, 9223372036843375807
4, 58, 0, 9223372036854775807, 0, 9223372036843175807
4, 59, 0, 9223372036854775807, 0, 9223372036842975807
4, 60, 0, 9223372036854775807, 0, 9223372036842775807
4, 61, 0, 9223372036854775807, 0, 9223372036842575807
4, 62, 0, 9223372036854775807, 0, 9223372036842375807
4, 63, 0, 9223372036854775807, 0, 9223372036842175807
4, 64, 0, 9223372036854775807, 0, 9223372036841975807
4, 65, 0, 9223372036854775807, 0, 9223372036841775807
4, 66, 0, 9223372036854775807, 0, 9223372036841575807
4, 67, 0, 9223372036854775807, 0, 9223372036841375807
4, 68, 0, 9223372036854775807, 0, 9223372036841175807
4, 69, 0, 9223372036854775807, 0, 9223372036840975807
4, 70, 0, 9223372036854775807, 0, 9223372036840775807
4, 71, 0, 9223372036854775807, 0, 9223372036840575807
4, 72, 0, 9223372036854775807, 0, 9223372036840375807
4, 73, 0, 9223372036854775807, 0, 9223372036840175807
4, 74, 0, 9223372036854775807, 0, 9223372036839975807
4, 75, 0, 9223372036854775807, 0, 9223372036839775807
4, 76, 0, 9223372036854775807, 0, 9223372036839575807
4, 77, 0, 9223372036854775807, 0, 9223372036839375807
4, 78, 0, 9223372036854775807, 0, 9223372036839175807
4, 79, 0, 9223372036854775807, 0, 9223372036838975807
4, 80, 0, 9223372036854775807, 0, 9223372036838775807
4, 81, 0, 9223372036854775807, 0, 9223372036838575807
4, 82, 0, 9223372036854775807, 0, 9223372036838375807
4, 83, 0, 9223372036854775807, 0, 9223372036838175807
4, 84, 0, 9223372036854775807, 0, 9223372036837975807
4, 85, 0, 9223372036854775807, 0, 9223372036837775807
4, 86, 0, 9223372036854775807, 0, 9223372036837575807
4, 87, 0, 9223372036854775807, 0, 9223372036837375807
4, 88, 0, 9223372036854775807, 0, 9223372036837175807
4, 89, 0, 9223372036854775807, 0, 9223372036836975807
4, 90, 0, 9223372036854775807, 0, 9223372036836775807
4, 91, 0, 9223372036854775807, 0, 9223372036836575807
4, 92, 0, 9223372036854775807, 0, 9223372036836375807
4, 93, 0, 9223372036854775807, 0, 9223372036836175807
4, 94, 0, 9223372036854775807, 0, 9223372036835975807
4, 95, 0, 9223372036854775807, 0, 9223372036835775807
4, 96, 0, 9223372036854775807, 0, 9223372036835575807
4, 97, 0, 9223372036854775807, 0, 9223372036835375807
4, 98, 0, 9223372036854775807, 0, 9223372036835175807
4, 99, 0, 9223372036854775807, 0, 9223372036834975807
4, 100, 0, 9223372036854775807, 0, 9223372036834775807
4, 101, 0, 9223372036854775807, 0, 9223372036834575807
4, 102, 0, 9223372036854775807, 0, 9223372036834375807
4, 103, 0, 9223372036854775807, 0, 9223372036834175807
4, 104, 0, 9223372036854775807, 0, 9223372036833975807
4, 105, 0, 9223372036854775807, 0, 9223372036833775807
4, 106, 0, 9223372036854775807, 0, 9223372036833575807
4, 107, 0, 9223372036854775807, 0, 9223372036833375807
4, 108, 0, 9223372036854775807, 0, 9223372036833175807
4, 109, 0, 9223372036854775807, 0, 9223372036832975807
4, 110, 0, 9223372036854775807, 0, 9223372036832775807
4, 111, 0, 9223372036854775807, 0, 9223372036832575807
4, 112, 0, 9223372036854775807, 0, 9223372036832375807
4, 113, 0, 9223372036854775807, 0, 9223372036832175807
4, 114, 0, 9223372036854775807, 0, 9223372036831975807
4, 115, 0, 9223372036854775807, 0, 9223372036831775807
4, 116, 0, 9223372036854775807, 0, 9223372036831575807
4, 117, 0, 9223372036854775807, 0, 9223372036831375807
4, 118, 0, 9223372036854775807, 0, 9223372036831175807
4, 119, 0, 9223372036854775807, 0, 9223372036830975807
4, 120, 0, 9223372036854775807, 0, 9223372036830775807
4, 121, 0, 9223372036854775807, 0, 9223372036830575807
4, 122, 0, 9223372036854775807, 0, 9223372036830375807
4, 123, 0, 9223372036854775807, 0, 9223372036830175807
4, 124, 0, 9223372036854775807, 0, 9223372036829975807
4, 125, 0, 9223372036854775807, 0, 9223372036829775807
4, 126, 0, 9223372036854775807, 0, 9223372036829575807
4, 127, 0, 9223372036854775807, 0, 9223372036829375807
4, 128, 0, 9223372036854775807, 0, 9223372036829175807
4, 129, 0, 9223372036854775807, 0, 9223372036828975807
4, 130, 0, 9223372036854775807, 0, 9223372036828775807
4, 131, 0, 9223372036854775807, 0, 9223372036828575807
4, 132, 0, 9223372036854775807, 0, 9223372036828375807
4, 133, 0, 9223372036854775807, 0, 9223372036828175807
4, 134, 0, 9223372036854775807, 0, 9223372036827975807
4, 135, 0, 9223372036854775807, 0, 9223372036827775807
4, 136, 0, 9223372036854775807, 0, 9223372036827575807
4, 137, 0, 9223372036854775807, 0, 9223372036827375807
4, 138, 0, 9223372036854775807, 0, 9223372036827175807
4, 139, 0, 9223372036854775807, 0, 9223372036826975807
4, 140, 0, 9223372036854775807, 0, 9223372036826775807
4, 141, 0, 9223372036854775807, 0, 9223372036826575807
4, 142, 0, 9223372036854775807, 0, 9223372036826375807
4, 143, 0, 9223372036854775807, 0, 9223372036826175807
4, 144, 0, 9223372036854775807, 0, 9223372036825975807
4, 145, 0, 9223372036854775807, 0, 9223372036825775807
4, 146, 0, 9223372036854775807, 0, 9223372036825575807
4, 147, 0, 9223372036854775807, 0, 9223372036825375807
4, 148, 0, 9223372036854775807, 0, 9223372036825175807
4, 149, 0, 9223372036854775807, 0, 9223372036824975807
4, 150, 0, 9223372036854775807, 0, 9223372036824775807
4, 151, 0, 9223372036854775807, 0, 9223372036824575807
4, 152, 0, 9223372036854775807, 0, 9223372036824375807
4, 153, 0, 9223372036854775807, 0, 9223372036824175807
4, 154, 0, 9223372036854775807, 0, 9223372036823975807
4, 155, 0, 9223372036854775807, 0, 9223372036823775807
4, 156, 0, 9223372036854775807, 0, 9223372036823575807
4, 157, 0, 9223372036854775807, 0, 9223372036823375807
4, 158, 0, 9223372036854775807, 0, 9223372036823175807
4, 159, 0, 9223372036854775807, 0, 9223372036822975807
4, 160, 0, 9223372036854775807, 0, 9223372036822775807
4, 161, 0, 9223372036854775807, 0, 9223372036822575807
4, 162, 0, 9223372036854775807, 0, 9223372036822375807
4, 163, 0, 9223372036854775807, 0, 9223372036822175807
4, 164, 0, 9223372036854775807, 0, 9223372036821975807
4, 165, 0, 9223372036854775807, 0, 9223372036821775807
4, 166, 0, 9223372036854775807, 0, 9223372036821575807
4, 167, 0, 9223372036854775807, 0, 9223372036821375807
4, 168, 0, 9223372036854775807, 0, 9223372036821175807
4, 169, 0, 9223372036854775807, 0, 9223372036820975807
4, 170, 0, 9223372036854775807, 0, 9223372036820775807
4, 171, 0, 9223372036854775807, 0, 9223372036820575807
4, 172, 0, 9223372036854775807, 0, 9223372036820375807
4, 173, 0, 9223372036854775807, 0, 9223372036820175807
4, 174, 0, 9223372036854775807, 0, 9223372036819975807
4, 175, 0, 9223372036854775807, 0, 9223372036819775807
4, 176, 0, 9223372036854775807, 0, 9223372036819575807
4, 177, 0, 9223372036854775807, 0, 9223372036819375807
4, 178, 0, 9223372036854775807, 0, 9223372036819175807
4, 179, 0, 9223372036854775807, 0, 9223372036818975807
4, 180, 0, 9223372036854775807, 0, 9223372036818775807
4, 181, 0, 9223372036854775807, 0, 9223372036818575807
4, 182, 0, 9223372036854775807, 0, 9223372036818375807
4, 183, 0, 9223372036854775807, 0, 9223372036818175807
4, 184, 0, 9223372036854775807, 0, 9223372036817975807
4, 185, 0, 9223372036854775807, 0, 9223372036817775807
4, 186, 0, 9223372036854775807, 0, 9223372036817575807
4, 187, 0, 9223372036854775807, 0, 9223372036817375807
4, 188, 0, 9223372036854775807, 0, 9223372036817175807
4, 189, 0, 9223372036854775807, 0, 9223372036816975807
4, 190, 0, 9223372036854775807, 0, 9223372036816775807
4, 191, 0, 9223372036854775807, 0, 9223372036816575807
4, 192, 0, 9223372036854775807, 0, 9223372036816375807
4, 193, 0, 9223372036854775807, 0, 9223372036816175807
4, 194, 0, 9223372036854775807, 0, 9223372036815975807
4, 195, 0, 9223372036854775807, 0, 9223372036815775807
4, 196, 0, 9223372036854775807, 0, 9223372036815575807
4, 197, 0, 9223372036854775807, 0, 9223372036815375807
4, 198, 0, 9223372036854775807, 0, 9223372036815175807
4, 199, 0, 9223372036854775807, 0, 9223372036814975807
4, 200, 0, 9223372036854775807, 0, 9223372036814775807
4, 201, 0, 9223372036854775807, 0, 9223372036814575807
4, 202, 0, 9223372036854775807, 0, 9223372036814375807
4, 203, 0, 9223372036854775807, 0, 9223372036814175807
4, 204, 0, 9223372036854775807, 0, 9223372036813975807
4, 205, 0, 9223372036854775807, 0, 9223372036813775807
4, 206, 0, 9223372036854775807, 0, 9223372036813575807
4, 207, 0, 9223372036854775807, 0, 9223372036813375807
4, 208, 0, 9223372036854775807, 0, 9223372036813175807
4, 209, 0, 9223372036854775807, 0, 9223372036812975807
5, 0, 11144, 102901, 11144, 102901
5, 1, 0, 9223372036854775807, 0, 9223372036854525807
5, 2, 0, 9223372036854775807, 0, 9223372036854275807
5, 3, 0, 9223372036854775807, 0, 9223372036854025807
5, 4, 0, 9223372036854775807, 0, 9223372036853775807
5, 5, 0, 9223372036854775807, 0, 9223372036853525807
5, 6, 0, 9223372036854775807, 0, 9223372036853275807
5, 7, 0, 9223372036854775807, 0, 9223372036853025807
5, 8, 0, 9223372036854775807, 0, 9223372036852775807
5, 9, 0, 9223372036854775807, 0, 9223372036852525807
5, 10, 0, 9223372036854775807, 0, 9223372036852275807
5, 11, 0, 9223372036854775807, 0, 9223372036852025807
5, 12, 0, 9223372036854775807, 0, 9223372036851775807
5, 13, 0, 9223372036854775807, 0, 9223372036851525807
5, 14, 0, 9223372036854775807, 0, 9223372036851275807
5, 15, 0, 9223372036854775807, 0, 9223372036851025807
5, 16, 0, 9223372036854775807, 0, 9223372036850775807
5, 17, 0, 9223372036854775807, 0, 9223372036850525807
5, 18, 0, 9223372036854775807, 0, 9223372036850275807
5, 19, 0, 9223372036854775807, 0, 9223372036850025807
5, 20, 0, 9223372036854775807, 0, 9223372036849775807
5, 21, 0, 9223372036854775807, 0, 9223372036849525807
5, 22, 0, 9223372036854775807, 0, 9223372036849275807
5, 23, 0, 9223372036854775807, 0, 9223372036849025807
5, 24, 0, 9223372036854775807, 0, 9223372036848775807
5, 25, 0, 9223372036854775807, 0, 9223372036848525807
5, 26, 0, 9223372036854775807, 0, 9223372036848275807
5, 27, 0, 9223372036854775807, 0, 9223372036848025807
5, 28, 0, 9223372036854775807, 0, 9223372036847775807
5, 29, 0, 9223372036854775807, 0, 9223372036847525807
5, 30, 0, 9223372036854775807, 0, 9223372036847275807
5, 31, 0, 9223372036854775807, 0, 9223372036847025807
5, 32, 0, 9223372036854775807, 0, 9223372036846775807
5, 33, 0, 9223372036854775807, 0, 9223372036846525807
5, 34, 0, 9223372036854775807, 0, 9223372036846275807
5, 35, 0, 9223372036854775807, 0, 9223372036846025807
5, 36, 0, 9223372036854775807, 0, 9223372036845775807
5, 37, 0, 9223372036854775807, 0, 9223372036845525807
5, 38, 0, 9223372036854775807, 0, 9223372036845275807
5, 39, 0, 9223372036854775807, 0, 9223372036845025807
5, 40, 0, 9223372036854775807, 0, 9223372036844775807
5, 41, 0, 9223372036854775807, 0, 9223372036844525807
5, 42, 0, 9223372036854775807, 0, 9223372036844275807
5, 43, 0, 9223372036854775807, 0, 9223372036844025807
5, 44, 0, 9223372036854775807, 0, 9223372036843775807
5, 45, 0, 9223372036854775807, 0, 9223372036843525807
5, 46, 0, 9223372036854775807, 0, 9223372036843275807
5, 47, 0, 9223372036854775807, 0, 9223372036843025807
5, 48, 0, 9223372036854775807, 0, 9223372036842775807
5, 49, 0, 9223372036854775807, 0, 9223372036842525807
5, 50, 0, 9223372036854775807, 0, 9223372036842275807
5, 51, 0, 9223372036854775807, 0, 9223372036842025807
5, 52, 0, 9223372036854775807, 0, 9223372036841775807
5, 53, 0, 9223372036854775807, 0, 9223372036841525807
5, 54, 0, 9223372036854775807, 0, 9223372036841275807
5, 55, 0, 9223372036854775807, 0, 9223372036841025807
5, 56, 0, 9223372036854775807, 0, 9223372036840775807
5, 57, 0, 9223372036854775807, 0, 9223372036840525807
5, 58, 0, 9223372036854775807, 0, 9223372036840275807
5, 59, 0, 9223372036854775807, 0, 9223372036840025807
5, 60, 0, 9223372036854775807, 0, 9223372036839775807
5, 61, 0, 9223372036854775807, 0, 9223372036839525807
5, 62, 0, 9223372036854775807, 0, 9223372036839275807
5, 63, 0, 9223372036854775807, 0, 9223372036839025807
5, 64, 0, 9223372036854775807, 0, 9223372036838775807
5, 65, 0, 9223372036854775807, 0, 9223372036838525807
5, 66, 0, 9223372036854775807, 0, 9223372036838275807
5, 67, 0, 9223372036854775807, 0, 9223372036838025807
5, 68, 0, 9223372036854775807, 0, 9223372036837775807
5, 69, 0, 9223372036854775807, 0, 9223372036837525807
5, 70, 0, 9223372036854775807, 0, 9223372036837275807
5, 71, 0, 9223372036854775807, 0, 9223372036837025807
5, 72, 0, 9223372036854775807, 0, 9223372036836775807
5, 73, 0, 9223372036854775807, 0, 9223372036836525807
5, 74, 0, 9223372036854775807, 0, 9223372036836275807
5, 75, 0, 9223372036854775807, 0, 9223372036836025807
5, 76, 0, 9223372036854775807, 0, 9223372036835775807
5, 77, 0, 9223372036854775807, 0, 9223372036835525807
5, 78, 0, 9223372036854775807, 0, 9223372036835275807
5, 79, 0, 9223372036854775807, 0, 9223372036835025807
5, 80, 0, 9223372036854775807, 0, 9223372036834775807
5, 81, 0, 9223372036854775807, 0, 9223372036834525807
5, 82, 0, 9223372036854775807, 0, 9223372036834275807
5, 83, 0, 9223372036854775807, 0, 9223372036834025807
5, 84, 0, 9223372036854775807, 0, 9223372036833775807
5, 85, 0, 9223372036854775807, 0, 9223372036833525807
5, 86, 0, 9223372036854775807, 0, 9223372036833275807
5, 87, 0, 9223372036854775807, 0, 9223372036833025807
5, 88, 0, 9223372036854775807, 0, 9223372036832775807
5, 89, 0, 9223372036854775807, 0, 9223372036832525807
5, 90, 0, 9223372036854775807, 0, 9223372036832275807
5, 91, 0, 9223372036854775807, 0, 9223372036832025807
5, 92, 0, 9223372036854775807, 0, 9223372036831775807
5, 93, 0, 9223372036854775807, 0, 9223372036831525807
5, 94, 0, 9223372036854775807, 0, 9223372036831275807
5, 95, 0, 9223372036854775807, 0, 9223372036831025807
5, 96, 0, 9223372036854775807, 0, 9223372036830775807
5, 97, 0, 9223372036854775807, 0, 9223372036830525807
5, 98, 0, 9223372036854775807, 0, 9223372036830275807
5, 99, 0, 9223372036854775807, 0, 9223372036830025807
5, 100, 0, 9223372036854775807, 0, 9223372036829775807
5, 101, 0, 9223372036854775807, 0, 9223372036829525807
5, 102, 0, 9223372036854775807, 0, 9223372036829275807
5, 103, 0, 9223372036854775807, 0, 9223372036829025807
5, 104, 0, 9223372036854775807, 0, 9223372036828775807
5, 105, 0, 9223372036854775807, 0, 9223372036828525807
5, 106, 0, 9223372036854775807, 0, 9223372036828275807
5, 107, 0, 9223372036854775807, 0, 9223372036828025807
5, 108, 0, 9223372036854775807, 0, 9223372036827775807
5, 109, 0, 9223372036854775807, 0, 9223372036827525807
5, 110, 0, 9223372036854775807, 0, 9223372036827275807
5, 111, 0, 9223372036854775807, 0, 9223372036827025807
5, 112, 0, 9223372036854775807, 0, 9223372036826775807
5, 113, 0, 9223372036854775807, 0, 9223372036826525807
5, 114, 0, 9223372036854775807, 0, 9223372036826275807
5, 115, 0, 9223372036854775807, 0, 9223372036826025807
5, 116, 0, 9223372036854775807, 0, 9223372036825775807
5, 117, 0, 9223372036854775807, 0, 9223372036825525807
5, 118, 0, 9223372036854775807, 0, 9223372036825275807
5, 119, 0, 9223372036854775807, 0, 9223372036825025807
5, 120, 0, 9223372036854775807, 0, 9223372036824775807
5, 121, 0, 9223372036854775807, 0, 9223372036824525807
5, 122, 0, 9223372036854775807, 0, 9223372036824275807
5, 123, 0, 9223372036854775807, 0, 9223372036824025807
5, 124, 0, 9223372036854775807, 0, 9223372036823775807
5, 125, 0, 9223372036854775807, 0, 9223372036823525807
5, 126, 0, 9223372036854775807, 0, 9223372036823275807
5, 127, 0, 9223372036854775807, 0, 9223372036823025807
5, 128, 0, 9223372036854775807, 0, 9223372036822775807
5, 129, 0, 9223372036854775807, 0, 9223372036822525807
5, 130, 0, 9223372036854775807, 0, 9223372036822275807
5, 131, 0, 9223372036854775807, 0, 9223372036822025807
5, 132, 0, 9223372036854775807, 0, 9223372036821775807
5, 133, 0, 9223372036854775807, 0, 9223372036821525807
5, 134, 0, 9223372036854775807, 0, 9223372036821275807
5, 135, 0, 9223372036854775807, 0, 9223372036821025807
5, 136, 0, 9223372036854775807, 0, 9223372036820775807
5, 137, 0, 9223372036854775807, 0, 9223372036820525807
5, 138, 0, 9223372036854775807, 0, 9223372036820275807
5, 139, 0, 9223372036854775807, 0, 9223372036820025807
5, 140, 0, 9223372036854775807, 0, 9223372036819775807
5, 141, 0, 9223372036854775807, 0, 9223372036819525807
5, 142, 0, 9223372036854775807, 0, 9223372036819275807
5, 143, 0, 9223372036854775807, 0, 9223372036819025807
5, 144, 0, 9223372036854775807, 0, 9223372036818775807
5, 145, 0, 9223372036854775807, 0, 9223372036818525807
5, 146, 0, 9223372036854775807, 0, 9223372036818275807
5, 147, 0, 9223372036854775807, 0, 9223372036818025807
5, 148, 0, 9223372036854775807, 0, 9223372036817775807
5, 149, 0, 9223372036854775807, 0, 9223372036817525807
5, 150, 0, 9223372036854775807, 0, 9223372036817275807
5, 151, 0, 9223372036854775807, 0, 9223372036817025807
5, 152, 0, 9223372036854775807, 0, 9223372036816775807
5, 153, 0, 9223372036854775807, 0, 9223372036816525807
5, 154, 0, 9223372036854775807, 0, 9223372036816275807
5, 155, 0, 9223372036854775807, 0, 9223372036816025807
5, 156, 0, 9223372036854775807, 0, 9223372036815775807
5, 157, 0, 9223372036854775807, 0, 9223372036815525807
5, 158, 0, 9223372036854775807, 0, 9223372036815275807
5, 159, 0, 9223372036854775807, 0, 9223372036815025807
5, 160, 0, 9223372036854775807, 0, 9223372036814775807
5, 161, 0, 9223372036854775807, 0, 9223372036814525807
5, 162, 0, 9223372036854775807, 0, 9223372036814275807
5, 163, 0, 9223372036854775807, 0, 9223372036814025807
5, 164, 0, 9223372036854775807, 0, 9223372036813775807
5, 165, 0, 9223372036854775807, 0, 9223372036813525807
5, 166, 0, 9223372036854775807, 0, 9223372036813275807
5, 167, 0, 9223372036854775807, 0, 9223372036813025807
6, 0, 8820, 102771, 8820, 102771
6, 1, 0, 9223372036854775807, 0, 9223372036854525807
6, 2, 0, 9223372036854775807, 0, 9223372036854275807
6, 3, 0, 9223372036854775807, 0, 9223372036854025807
6, 4, 0, 9223372036854775807, 0, 9223372036853775807
6, 5, 0, 9223372036854775807, 0, 9223372036853525807
6, 6, 0, 9223372036854775807, 0, 9223372036853275807
6, 7, 0, 9223372036854775807, 0, 9223372036853025807
6, 8, 0, 9223372036854775807, 0, 9223372036852775807
6, 9, 0, 9223372036854775807, 0, 9223372036852525807
6, 10, 0, 9223372036854775807, 0, 9223372036852275807
6, 11, 0, 9223372036854775807, 0, 9223372036852025807
6, 12, 0, 9223372036854775807, 0, 9223372036851775807
6, 13, 0, 9223372036854775807, 0, 9223372036851525807
6, 14, 0, 9223372036854775807, 0, 9223372036851275807
6, 15, 0, 9223372036854775807, 0, 9223372036851025807
6, 16, 0, 9223372036854775807, 0, 9223372036850775807
6, 17, 0, 9223372036854775807, 0, 9223372036850525807
6, 18, 0, 9223372036854775807, 0, 9223372036850275807
6, 19, 0, 9223372036854775807, 0, 9223372036850025807
6, 20, 0, 9223372036854775807, 0, 9223372036849775807
6, 21, 0, 9223372036854775807, 0, 9223372036849525807
6, 22, 0, 9223372036854775807, 0, 9223372036849275807
6, 23, 0, 9223372036854775807, 0, 9223372036849025807
6, 24, 0, 9223372036854775807, 0, 9223372036848775807
6, 25, 0, 9223372036854775807, 0, 9223372036848525807
6, 26, 0, 9223372036854775807, 0, 9223372036848275807
6, 27, 0, 9223372036854775807, 0, 9223372036848025807
6, 28, 0, 9223372036854775807, 0, 9223372036847775807
6, 29, 0, 9223372036854775807, 0, 9223372036847525807
6, 30, 0, 9223372036854775807, 0, 9223372036847275807
6, 31, 0, 9223372036854775807, 0, 9223372036847025807
6, 32, 0, 9223372036854775807, 0, 9223372036846775807
6, 33, 0, 9223372036854775807, 0, 9223372036846525807
6, 34, 0, 9223372036854775807, 0, 9223372036846275807
6, 35, 0, 9223372036854775807, 0, 9223372036846025807
6, 36, 0, 9223372036854775807, 0, 9223372036845775807
6, 37, 0, 9223372036854775807, 0, 9223372036845525807
6, 38, 0, 9223372036854775807, 0, 9223372036845275807
6, 39, 0, 9223372036854775807, 0, 9223372036845025807
6, 40, 0, 9223372036854775807, 0, 9223372036844775807
6, 41, 0, 9223372036854775807, 0, 9223372036844525807
6, 42, 0, 9223372036854775807, 0, 9223372036844275807
6, 43, 0, 9223372036854775807, 0, 9223372036844025807
6, 44, 0, 9223372036854775807, 0, 9223372036843775807
6, 45, 0, 9223372036854775807, 0, 9223372036843525807
6, 46, 0, 9223372036854775807, 0, 9223372036843275807
6, 47, 0, 9223372036854775807, 0, 9223372036843025807
6, 48, 0, 9223372036854775807, 0, 9223372036842775807
6, 49, 0, 9223372036854775807, 0, 9223372036842525807
6, 50, 0, 9223372036854775807, 0, 9223372036842275807
6, 51, 0, 9223372036854775807, 0, 9223372036842025807
6, 52, 0, 9223372036854775807, 0, 9223372036841775807
6, 53, 0, 9223372036854775807, 0, 9223372036841525807
6, 54, 0, 9223372036854775807, 0, 9223372036841275807
6, 55, 0, 9223372036854775807, 0, 9223372036841025807
6, 56, 0, 9223372036854775807, 0, 9223372036840775807
6, 57, 0, 9223372036854775807, 0, 9223372036840525807
6, 58, 0, 9223372036854775807, 0, 9223372036840275807
6, 59, 0, 9223372036854775807, 0, 9223372036840025807
6, 60, 0, 9223372036854775807, 0, 9223372036839775807
6, 61, 0, 9223372036854775807, 0, 9223372036839525807
6, 62, 0, 9223372036854775807, 0, 9223372036839275807
6, 63, 0, 9223372036854775807, 0, 9223372036839025807
6, 64, 0, 9223372036854775807, 0, 9223372036838775807
6, 65, 0, 9223372036854775807, 0, 9223372036838525807
6, 66, 0, 9223372036854775807, 0, 9223372036838275807
6, 67, 0, 9223372036854775807, 0, 9223372036838025807
6, 68, 0, 9223372036854775807, 0, 9223372036837775807
6, 69, 0, 9223372036854775807, 0, 9223372036837525807
6, 70, 0, 9223372036854775807, 0, 9223372036837275807
6, 71, 0, 9223372036854775807, 0, 9223372036837025807
6, 72, 0, 9223372036854775807, 0, 9223372036836775807
6, 73, 0, 9223372036854775807, 0, 9223372036836525807
6, 74, 0, 9223372036854775807, 0, 9223372036836275807
6, 75, 0, 9223372036854775807, 0, 9223372036836025807
6, 76, 0, 9223372036854775807, 0, 9223372036835775807
6, 77, 0, 9223372036854775807, 0, 9223372036835525807
6, 78, 0, 9223372036854775807, 0, 9223372036835275807
6, 79, 0, 9223372036854775807, 0, 9223372036835025807
6, 80, 0, 9223372036854775807, 0, 9223372036834775807
6, 81, 0, 9223372036854775807, 0, 9223372036834525807
6, 82, 0, 9223372036854775807, 0, 9223372036834275807
6, 83, 0, 9223372036854775807, 0, 9223372036834025807
6, 84, 0, 9223372036854775807, 0, 9223372036833775807
6, 85, 0, 9223372036854775807, 0, 9223372036833525807
6, 86, 0, 9223372036854775807, 0, 9223372036833275807
6, 87, 0, 9223372036854775807, 0, 9223372036833025807
6, 88, 0, 9223372036854775807, 0, 9223372036832775807
6, 89, 0, 9223372036854775807, 0, 9223372036832525807
6, 90, 0, 9223372036854775807, 0, 9223372036832275807
6, 91, 0, 9223372036854775807, 0, 9223372036832025807
6, 92, 0, 9223372036854775807, 0, 9223372036831775807
6, 93, 0, 9223372036854775807, 0, 9223372036831525807
6, 94, 0, 9223372036854775807, 0, 9223372036831275807
6, 95, 0, 9223372036854775807, 0, 9223372036831025807
6, 96, 0, 9223372036854775807, 0, 9223372036830775807
6, 97, 0, 9223372036854775807, 0, 9223372036830525807
6, 98, 0, 9223372036854775807, 0, 9223372036830275807
6, 99, 0, 9223372036854775807, 0, 9223372036830025807
6, 100, 0, 9223372036854775807, 0, 9223372036829775807
6, 101, 0, 9223372036854775807, 0, 9223372036829525807
6, 102, 0, 9223372036854775807, 0, 9223372036829275807
6, 103, 0, 9223372036854775807, 0, 9223372036829025807
6, 104, 0, 9223372036854775807, 0, 9223372036828775807
6, 105, 0, 9223372036854775807, 0, 9223372036828525807
6, 106, 0, 9223372036854775807, 0, 9223372036828275807
6, 107, 0, 9223372036854775807, 0, 9223372036828025807
6, 108, 0, 9223372036854775807, 0, 9223372036827775807
6, 109, 0, 9223372036854775807, 0, 9223372036827525807
6, 110, 0, 9223372036854775807, 0, 9223372036827275807
6, 111, 0, 9223372036854775807, 0, 9223372036827025807
6, 112, 0, 9223372036854775807, 0, 9223372036826775807
6, 113, 0, 9223372036854775807, 0, 9223372036826525807
6, 114, 0, 9223372036854775807, 0, 9223372036826275807
6, 115, 0, 9223372036854775807, 0, 9223372036826025807
6, 116, 0, 9223372036854775807, 0, 9223372036825775807
6, 117, 0, 9223372036854775807, 0, 9223372036825525807
6, 118, 0, 9223372036854775807, 0, 9223372036825275807
6, 119, 0, 9223372036854775807, 0, 9223372036825025807
6, 120, 0, 9223372036854775807, 0, 9223372036824775807
6, 121, 0, 9223372036854775807, 0, 9223372036824525807
6, 122, 0, 9223372036854775807, 0, 9223372036824275807
6, 123, 0, 9223372036854775807, 0, 9223372036824025807
6, 124, 0, 9223372036854775807, 0, 9223372036823775807
6, 125, 0, 9223372036854775807, 0, 9223372036823525807
6, 126, 0, 9223372036854775807, 0, 9223372036823275807
6, 127, 0, 9223372036854775807, 0, 9223372036823025807
6, 128, 0, 9223372036854775807, 0, 9223372036822775807
6, 129, 0, 9223372036854775807, 0, 9223372036822525807
6, 130, 0, 9223372036854775807, 0, 9223372036822275807
6, 131, 0, 9223372036854775807, 0, 9223372036822025807
6, 132, 0, 9223372036854775807, 0, 9223372036821775807
6, 133, 0, 9223372036854775807, 0, 9223372036821525807
6, 134, 0, 9223372036854775807, 0, 9223372036821275807
6, 135, 0, 9223372036854775807, 0, 9223372036821025807
6, 136, 0, 9223372036854775807, 0, 9223372036820775807
6, 137, 0, 9223372036854775807, 0, 9223372036820525807
6, 138, 0, 9223372036854775807, 0, 9223372036820275807
6, 139, 0, 9223372036854775807, 0, 9223372036820025807
6, 140, 0, 9223372036854775807, 0, 9223372036819775807
6, 141, 0, 9223372036854775807, 0, 9223372036819525807
6, 142, 0, 9223372036854775807, 0, 9223372036819275807
6, 143, 0, 9223372036854775807, 0, 9223372036819025807
6, 144, 0, 9223372036854775807, 0, 9223372036818775807
6, 145, 0, 9223372036854775807, 0, 9223372036818525807
6, 146, 0, 9223372036854775807, 0, 9223372036818275807
6, 147, 0, 9223372036854775807, 0, 9223372036818025807
6, 148, 0, 9223372036854775807, 0, 9223372036817775807
6, 149, 0, 9223372036854775807, 0, 9223372036817525807
6, 150, 0, 9223372036854775807, 0, 9223372036817275807
6, 151, 0, 9223372036854775807, 0, 9223372036817025807
6, 152, 0, 9223372036854775807, 0, 9223372036816775807
6, 153, 0, 9223372036854775807, 0, 9223372036816525807
6, 154, 0, 9223372036854775807, 0, 9223372036816275807
6, 155, 0, 9223372036854775807, 0, 9223372036816025807
6, 156, 0, 9223372036854775807, 0, 9223372036815775807
6, 157, 0, 9223372036854775807, 0, 9223372036815525807
6, 158, 0, 9223372036854775807, 0, 9223372036815275807
6, 159, 0, 9223372036854775807, 0, 9223372036815025807
6, 160, 0, 9223372036854775807, 0, 9223372036814775807
6, 161, 0, 9223372036854775807, 0, 9223372036814525807
6, 162, 0, 9223372036854775807, 0, 9223372036814275807
6, 163, 0, 9223372036854775807, 0, 9223372036814025807
6, 164, 0, 9223372036854775807, 0, 9223372036813775807
6, 165, 0, 9223372036854775807, 0, 9223372036813525807
6, 166, 0, 9223372036854775807, 0, 9223372036813275807
6, 167, 0, 9223372036854775807, 0, 9223372036813025807
7, 0, 6797, 92516, 6797, 92516
7, 1, 0, 9223372036854775807, 0, 9223372036854525807
7, 2, 0, 9223372036854775807, 0, 9223372036854275807
7, 3, 0, 9223372036854775807, 0, 9223372036854025807
7, 4, 0, 9223372036854775807, 0, 9223372036853775807
7, 5, 0, 9223372036854775807, 0, 9223372036853525807
7, 6, 0, 9223372036854775807, 0, 9223372036853275807
7, 7, 0, 9223372036854775807, 0, 9223372036853025807
7, 8, 0, 9223372036854775807, 0, 9223372036852775807
7, 9, 0, 9223372036854775807, 0, 9223372036852525807
7, 10, 0, 9223372036854775807, 0, 9223372036852275807
7, 11, 0, 9223372036854775807, 0, 9223372036852025807
7, 12, 0, 9223372036854775807, 0, 9223372036851775807
7, 13, 0, 9223372036854775807, 0, 9223372036851525807
7, 14, 0, 9223372036854775807, 0, 9223372036851275807
7, 15, 0, 9223372036854775807, 0, 9223372036851025807
7, 16, 0, 9223372036854775807, 0, 9223372036850775807
7, 17, 0, 9223372036854775807, 0, 9223372036850525807
7, 18, 0, 9223372036854775807, 0, 9223372036850275807
7, 19, 0, 9223372036854775807, 0, 9223372036850025807
7, 20, 0, 9223372036854775807, 0, 9223372036849775807
7, 21, 0, 9223372036854775807, 0, 9223372036849525807
7, 22, 0, 9223372036854775807, 0, 9223372036849275807
7, 23, 0, 9223372036854775807, 0, 9223372036849025807
7, 24, 0, 9223372036854775807, 0, 9223372036848775807
7, 25, 0, 9223372036854775807, 0, 9223372036848525807
7, 26, 0, 9223372036854775807, 0, 9223372036848275807
7, 27, 0, 9223372036854775807, 0, 9223372036848025807
7, 28, 0, 9223372036854775807, 0, 9223372036847775807
7, 29, 0, 9223372036854775807, 0, 9223372036847525807
7, 30, 0, 9223372036854775807, 0, 9223372036847275807
7, 31, 0, 9223372036854775807, 0, 9223372036847025807
7, 32, 0, 9223372036854775807, 0, 9223372036846775807
7, 33, 0, 9223372036854775807, 0, 9223372036846525807
7, 34, 0, 9223372036854775807, 0, 9223372036846275807
7, 35, 0, 9223372036854775807, 0, 9223372036846025807
7, 36, 0, 9223372036854775807, 0, 9223372036845775807
7, 37, 0, 9223372036854775807, 0, 9223372036845525807
7, 38, 0, 9223372036854775807, 0, 9223372036845275807
7, 39, 0, 9223372036854775807, 0, 9223372036845025807
7, 40, 0, 9223372036854775807, 0, 9223372036844775807
7, 41, 0, 9223372036854775807, 0, 9223372036844525807
7, 42, 0, 9223372036854775807, 0, 9223372036844275807
7, 43, 0, 9223372036854775807, 0, 9223372036844025807
7, 44, 0, 9223372036854775807, 0, 9223372036843775807
7, 45, 0, 9223372036854775807, 0, 9223372036843525807
7, 46, 0, 9223372036854775807, 0, 9223372036843275807
7, 47, 0, 9223372036854775807, 0, 9223372036843025807
7, 48, 0, 9223372036854775807, 0, 9223372036842775807
7, 49, 0, 9223372036854775807, 0, 9223372036842525807
7, 50, 0, 9223372036854775807, 0, 9223372036842275807
7, 51, 0, 9223372036854775807, 0, 9223372036842025807
7, 52, 0, 9223372036854775807, 0, 9223372036841775807
7, 53, 0, 9223372036854775807, 0, 9223372036841525807
7, 54, 0, 9223372036854775807, 0, 9223372036841275807
7, 55, 0, 9223372036854775807, 0, 9223372036841025807
7, 56, 0, 9223372036854775807, 0, 9223372036840775807
7, 57, 0, 9223372036854775807, 0, 9223372036840525807
7, 58, 0, 9223372036854775807, 0, 9223372036840275807
7, 59, 0, 9223372036854775807, 0, 9223372036840025807
7, 60, 0, 9223372036854775807, 0, 9223372036839775807
7, 61, 0, 9223372036854775807, 0, 9223372036839525807
7, 62, 0, 9223372036854775807, 0, 9223372036839275807
7, 63, 0, 9223372036854775807, 0, 9223372036839025807
7, 64, 0, 9223372036854775807, 0, 9223372036838775807
7, 65, 0, 9223372036854775807, 0, 9223372036838525807
7, 66, 0, 9223372036854775807, 0, 9223372036838275807
7, 67, 0, 9223372036854775807, 0, 9223372036838025807
7, 68, 0, 9223372036854775807, 0, 9223372036837775807
7, 69, 0, 9223372036854775807, 0, 9223372036837525807
7, 70, 0, 9223372036854775807, 0, 9223372036837275807
7, 71, 0, 9223372036854775807, 0, 9223372036837025807
7, 72, 0, 9223372036854775807, 0, 9223372036836775807
7, 73, 0, 9223372036854775807, 0, 9223372036836525807
7, 74, 0, 9223372036854775807, 0, 9223372036836275807
7, 75, 0, 9223372036854775807, 0, 9223372036836025807
7, 76, 0, 9223372036854775807, 0, 9223372036835775807
7, 77, 0, 9223372036854775807, 0, 9223372036835525807
7, 78, 0, 9223372036854775807, 0, 9223372036835275807
7, 79, 0, 9223372036854775807, 0, 9223372036835025807
7, 80, 0, 9223372036854775807, 0, 9223372036834775807
7, 81, 0, 9223372036854775807, 0, 9223372036834525807
7, 82, 0, 9223372036854775807, 0, 9223372036834275807
7, 83, 0, 9223372036854775807, 0, 9223372036834025807
7, 84, 0, 9223372036854775807, 0, 9223372036833775807
7, 85, 0, 9223372036854775807, 0, 9223372036833525807
7, 86, 0, 9223372036854775807, 0, 9223372036833275807
7, 87, 0, 9223372036854775807, 0, 9223372036833025807
7, 88, 0, 9223372036854775807, 0, 9223372036832775807
7, 89, 0, 9223372036854775807, 0, 9223372036832525807
7, 90, 0, 9223372036854775807, 0, 9223372036832275807
7, 91, 0, 9223372036854775807, 0, 9223372036832025807
7, 92, 0, 9223372036854775807, 0, 9223372036831775807
7, 93, 0, 9223372036854775807, 0, 9223372036831525807
7, 94, 0, 9223372036854775807, 0, 9223372036831275807
7, 95, 0, 9223372036854775807, 0, 9223372036831025807
7, 96, 0, 9223372036854775807, 0, 9223372036830775807
7, 97, 0, 9223372036854775807, 0, 9223372036830525807
7, 98, 0, 9223372036854775807, 0, 9223372036830275807
7, 99, 0, 9223372036854775807, 0, 9223372036830025807
7, 100, 0, 9223372036854775807, 0, 9223372036829775807
7, 101, 0, 9223372036854775807, 0, 9223372036829525807
7, 102, 0, 9223372036854775807, 0, 9223372036829275807
7, 103, 0, 9223372036854775807, 0, 9223372036829025807
7, 104, 0, 9223372036854775807, 0, 9223372036828775807
7, 105, 0, 9223372036854775807, 0, 9223372036828525807
7, 106, 0, 9223372036854775807, 0, 9223372036828275807
7, 107, 0, 9223372036854775807, 0, 9223372036828025807
7, 108, 0, 9223372036854775807, 0, 9223372036827775807
7, 109, 0, 9223372036854775807, 0, 9223372036827525807
7, 110, 0, 9223372036854775807, 0, 9223372036827275807
7, 111, 0, 9223372036854775807, 0, 9223372036827025807
7, 112, 0, 9223372036854775807, 0, 9223372036826775807
7, 113, 0, 9223372036854775807, 0, 9223372036826525807
7, 114, 0, 9223372036854775807, 0, 9223372036826275807
7, 115, 0, 9223372036854775807, 0, 9223372036826025807
7, 116, 0, 9223372036854775807, 0, 9223372036825775807
7, 117, 0, 9223372036854775807, 0, 9223372036825525807
7, 118, 0, 9223372036854775807, 0, 9223372036825275807
7, 119, 0, 9223372036854775807, 0, 9223372036825025807
7, 120, 0, 9223372036854775807, 0, 9223372036824775807
7, 121, 0, 9223372036854775807, 0, 9223372036824525807
7, 122, 0, 9223372036854775807, 0, 9223372036824275807
7, 123, 0, 9223372036854775807, 0, 9223372036824025807
7, 124, 0, 9223372036854775807, 0, 9223372036823775807
7, 125, 0, 9223372036854775807, 0, 9223372036823525807
7, 126, 0, 9223372036854775807, 0, 9223372036823275807
7, 127, 0, 9223372036854775807, 0, 9223372036823025807
7, 128, 0, 9223372036854775807, 0, 9223372036822775807
7, 129, 0, 9223372036854775807, 0, 9223372036822525807
7, 130, 0, 9223372036854775807, 0, 9223372036822275807
7, 131, 0, 9223372036854775807, 0, 9223372036822025807
7, 132, 0, 9223372036854775807, 0, 9223372036821775807
7, 133, 0, 9223372036854775807, 0, 9223372036821525807
7, 134, 0, 9223372036854775807, 0, 9223372036821275807
7, 135, 0, 9223372036854775807, 0, 9223372036821025807
7, 136, 0, 9223372036854775807, 0, 9223372036820775807
7, 137, 0, 9223372036854775807, 0, 9223372036820525807
7, 138, 0, 9223372036854775807, 0, 9223372036820275807
7, 139, 0, 9223372036854775807, 0, 9223372036820025807
7, 140, 0, 9223372036854775807, 0, 9223372036819775807
7, 141, 0, 9223372036854775807, 0, 9223372036819525807
7, 142, 0, 9223372036854775807, 0, 9223372036819275807
7, 143, 0, 9223372036854775807, 0, 9223372036819025807
7, 144, 0, 9223372036854775807, 0, 9223372036818775807
7, 145, 0, 9223372036854775807, 0, 9223372036818525807
7, 146, 0, 9223372036854775807, 0, 9223372036818275807
7, 147, 0, 9223372036854775807, 0, 9223372036818025807
7, 148, 0, 9223372036854775807, 0, 9223372036817775807
7, 149, 0, 9223372036854775807, 0, 9223372036817525807
7, 150, 0, 9223372036854775807, 0, 9223372036817275807
7, 151, 0, 9223372036854775807, 0, 9223372036817025807
7, 152, 0, 9223372036854775807, 0, 9223372036816775807
7, 153, 0, 9223372036854775807, 0, 9223372036816525807
7, 154, 0, 9223372036854775807, 0, 9223372036816275807
7, 155, 0, 9223372036854775807, 0, 9223372036816025807
7, 156, 0, 9223372036854775807, 0, 9223372036815775807
7, 157, 0, 9223372036854775807, 0, 9223372036815525807
7, 158, 0, 9223372036854775807, 0, 9223372036815275807
7, 159, 0, 9223372036854775807, 0, 9223372036815025807
7, 160, 0, 9223372036854775807, 0, 9223372036814775807
7, 161, 0, 9223372036854775807, 0, 9223372036814525807
7, 162, 0, 9223372036854775807, 0, 9223372036814275807
7, 163, 0, 9223372036854775807, 0, 9223372036814025807
7, 164, 0, 9223372036854775807, 0, 9223372036813775807
7, 165, 0, 9223372036854775807, 0, 9223372036813525807
7, 166, 0, 9223372036854775807, 0, 9223372036813275807
7, 167, 0, 9223372036854775807, 0, 9223372036813025807
8, 0, 31116, 98788, 31116, 98788
8, 1, 0, 9223372036854775807, 0, 9223372036854475807
8, 2, 0, 9223372036854775807, 0, 9223372036854175807
8, 3, 0, 9223372036854775807, 0, 9223372036853875807
8, 4, 0, 9223372036854775807, 0, 9223372036853575807
8, 5, 0, 9223372036854775807, 0, 9223372036853275807
8, 6, 0, 9223372036854775807, 0, 9223372036852975807
8, 7, 0, 9223372036854775807, 0, 9223372036852675807
8, 8, 0, 9223372036854775807, 0, 9223372036852375807
8, 9, 0, 9223372036854775807, 0, 9223372036852075807
8, 10, 0, 9223372036854775807, 0, 9223372036851775807
8, 11, 0, 9223372036854775807, 0, 9223372036851475807
8, 12, 0, 9223372036854775807, 0, 9223372036851175807
8, 13, 0, 9223372036854775807, 0, 9223372036850875807
8, 14, 0, 9223372036854775807, 0, 9223372036850575807
8, 15, 0, 9223372036854775807, 0, 9223372036850275807
8, 16, 0, 9223372036854775807, 0, 9223372036849975807
8, 17, 0, 9223372036854775807, 0, 9223372036849675807
8, 18, 0, 9223372036854775807, 0, 9223372036849375807
8, 19, 0, 9223372036854775807, 0, 9223372036849075807
8, 20, 0, 9223372036854775807, 0, 9223372036848775807
8, 21, 0, 9223372036854775807, 0, 9223372036848475807
8, 22, 0, 9223372036854775807, 0, 9223372036848175807
8, 23, 0, 9223372036854775807, 0, 9223372036847875807
8, 24, 0, 9223372036854775807, 0, 9223372036847575807
8, 25, 0, 9223372036854775807, 0, 9223372036847275807
8, 26, 0, 9223372036854775807, 0, 9223372036846975807
8, 27, 0, 9223372036854775807, 0, 9223372036846675807
8, 28, 0, 9223372036854775807, 0, 9223372036846375807
8, 29, 0, 9223372036854775807, 0, 9223372036846075807
8, 30, 0, 9223372036854775807, 0, 9223372036845775807
8, 31, 0, 9223372036854775807, 0, 9223372036845475807
8, 32, 0, 9223372036854775807, 0, 9223372036845175807
8, 33, 0, 9223372036854775807, 0, 9223372036844875807
8, 34, 0, 9223372036854775807, 0, 9223372036844575807
8, 35, 0, 9223372036854775807, 0, 9223372036844275807
8, 36, 0, 9223372036854775807, 0, 9223372036843975807
8, 37, 0, 9223372036854775807, 0, 9223372036843675807
8, 38, 0, 9223372036854775807, 0, 9223372036843375807
8, 39, 0, 9223372036854775807, 0, 9223372036843075807
8, 40, 0, 9223372036854775807, 0, 9223372036842775807
8, 41, 0, 9223372036854775807, 0, 9223372036842475807
8, 42, 0, 9223372036854775807, 0, 9223372036842175807
8, 43, 0, 9223372036854775807, 0, 9223372036841875807
8, 44, 0, 9223372036854775807, 0, 9223372036841575807
8, 45, 0, 9223372036854775807, 0, 9223372036841275807
8, 46, 0, 9223372036854775807, 0, 9223372036840975807
8, 47, 0, 9223372036854775807, 0, 9223372036840675807
8, 48, 0, 9223372036854775807, 0, 9223372036840375807
8, 49, 0, 9223372036854775807, 0, 9223372036840075807
8, 50, 0, 9223372036854775807, 0, 9223372036839775807
8, 51, 0, 9223372036854775807, 0, 9223372036839475807
8, 52, 0, 9223372036854775807, 0, 9223372036839175807
8, 53, 0, 9223372036854775807, 0, 9223372036838875807
8, 54, 0, 9223372036854775807, 0, 9223372036838575807
8, 55, 0, 9223372036854775807, 0, 9223372036838275807
8, 56, 0, 9223372036854775807, 0, 9223372036837975807
8, 57, 0, 9223372036854775807, 0, 9223372036837675807
8, 58, 0, 9223372036854775807, 0, 9223372036837375807
8, 59, 0, 9223372036854775807, 0, 9223372036837075807
8, 60, 0, 9223372036854775807, 0, 9223372036836775807
8, 61, 0, 9223372036854775807, 0, 9223372036836475807
8, 62, 0, 9223372036854775807, 0, 9223372036836175807
8, 63, 0, 9223372036854775807, 0, 9223372036835875807
8, 64, 0, 9223372036854775807, 0, 9223372036835575807
8, 65, 0, 9223372036854775807, 0, 9223372036835275807
8, 66, 0, 9223372036854775807, 0, 9223372036834975807
8, 67, 0, 9223372036854775807, 0, 9223372036834675807
8, 68, 0, 9223372036854775807, 0, 9223372036834375807
8, 69, 0, 9223372036854775807, 0, 9223372036834075807
8, 70, 0, 9223372036854775807, 0, 9223372036833775807
8, 71, 0, 9223372036854775807, 0, 9223372036833475807
8, 72, 0, 9223372036854775807, 0, 9223372036833175807
8, 73, 0, 9223372036854775807, 0, 9223372036832875807
8, 74, 0, 9223372036854775807, 0, 9223372036832575807
8, 75, 0, 9223372036854775807, 0, 9223372036832275807
8, 76, 0, 9223372036854775807, 0, 9223372036831975807
8, 77, 0, 9223372036854775807, 0, 9223372036831675807
8, 78, 0, 9223372036854775807, 0, 9223372036831375807
8, 79, 0, 9223372036854775807, 0, 9223372036831075807
8, 80, 0, 9223372036854775807, 0, 9223372036830775807
8, 81, 0, 9223372036854775807, 0, 9223372036830475807
8, 82, 0, 9223372036854775807, 0, 9223372036830175807
8, 83, 0, 9223372036854775807, 0, 9223372036829875807
8, 84, 0, 9223372036854775807, 0, 9223372036829575807
8, 85, 0, 9223372036854775807, 0, 9223372036829275807
8, 86, 0, 9223372036854775807, 0, 9223372036828975807
8, 87, 0, 9223372036854775807, 0, 9223372036828675807
8, 88, 0, 9223372036854775807, 0, 9223372036828375807
8, 89, 0, 9223372036854775807, 0, 9223372036828075807
8, 90, 0, 9223372036854775807, 0, 9223372036827775807
8, 91, 0, 9223372036854775807, 0, 9223372036827475807
8, 92, 0, 9223372036854775807, 0, 9223372036827175807
8, 93, 0, 9223372036854775807, 0, 9223372036826875807
8, 94, 0, 9223372036854775807, 0, 9223372036826575807
8, 95, 0, 9223372036854775807, 0, 9223372036826275807
8, 96, 0, 9223372036854775807, 0, 9223372036825975807
8, 97, 0, 9223372036854775807, 0, 9223372036825675807
8, 98, 0, 9223372036854775807, 0, 9223372036825375807
8, 99, 0, 9223372036854775807, 0, 9223372036825075807
8, 100, 0, 9223372036854775807, 0, 9223372036824775807
8, 101, 0, 9223372036854775807, 0, 9223372036824475807
8, 102, 0, 9223372036854775807, 0, 9223372036824175807
8, 103, 0, 9223372036854775807, 0, 9223372036823875807
8, 104, 0, 9223372036854775807, 0, 9223372036823575807
8, 105, 0, 9223372036854775807, 0, 9223372036823275807
8, 106, 0, 9223372036854775807, 0, 9223372036822975807
8, 107, 0, 9223372036854775807, 0, 9223372036822675807
8, 108, 0, 9223372036854775807, 0, 9223372036822375807
8, 109, 0, 9223372036854775807, 0, 9223372036822075807
8, 110, 0, 9223372036854775807, 0, 9223372036821775807
8, 111, 0, 9223372036854775807, 0, 9223372036821475807
8, 112, 0, 9223372036854775807, 0, 9223372036821175807
8, 113, 0, 9223372036854775807, 0, 9223372036820875807
8, 114, 0, 9223372036854775807, 0, 9223372036820575807
8, 115, 0, 9223372036854775807, 0, 9223372036820275807
8, 116, 0, 9223372036854775807, 0, 9223372036819975807
8, 117, 0, 9223372036854775807, 0, 9223372036819675807
8, 118, 0, 9223372036854775807, 0, 9223372036819375807
8, 119, 0, 9223372036854775807, 0, 9223372036819075807
8, 120, 0, 9223372036854775807, 0, 9223372036818775807
8, 121, 0, 9223372036854775807, 0, 9223372036818475807
8, 122, 0, 9223372036854775807, 0, 9223372036818175807
8, 123, 0, 9223372036854775807, 0, 9223372036817875807
8, 124, 0, 9223372036854775807, 0, 9223372036817575807
8, 125, 0, 9223372036854775807, 0, 9223372036817275807
8, 126, 0, 9223372036854775807, 0, 9223372036816975807
8, 127, 0, 9223372036854775807, 0, 9223372036816675807
8, 128, 0, 9223372036854775807, 0, 9223372036816375807
8, 129, 0, 9223372036854775807, 0, 9223372036816075807
8, 130, 0, 9223372036854775807, 0, 9223372036815775807
8, 131, 0, 9223372036854775807, 0, 9223372036815475807
8, 132, 0, 9223372036854775807, 0, 9223372036815175807
8, 133, 0, 9223372036854775807, 0, 9223372036814875807
8, 134, 0, 9223372036854775807, 0, 9223372036814575807
8, 135, 0, 9223372036854775807, 0, 9223372036814275807
8, 136, 0, 9223372036854775807, 0, 9223372036813975807
8, 137, 0, 9223372036854775807, 0, 9223372036813675807
8, 138, 0, 9223372036854775807, 0, 9223372036813375807
8, 139, 0, 9223372036854775807, 0, 9223372036813075807
9, 0, 100448, 178586, 100448, 178586
9, 1, 0, 9223372036854775807, 0, 9223372036854475807
9, 2, 0, 9223372036854775807, 0, 9223372036854175807
9, 3, 0, 9223372036854775807, 0, 9223372036853875807
9, 4, 0, 9223372036854775807, 0, 9223372036853575807
9, 5, 0, 9223372036854775807, 0, 9223372036853275807
9, 6, 0, 9223372036854775807, 0, 9223372036852975807
9, 7, 0, 9223372036854775807, 0, 9223372036852675807
9, 8, 0, 9223372036854775807, 0, 9223372036852375807
9, 9, 0, 9223372036854775807, 0, 9223372036852075807
9, 10, 0, 9223372036854775807, 0, 9223372036851775807
9, 11, 0, 9223372036854775807, 0, 9223372036851475807
9, 12, 0, 9223372036854775807, 0, 9223372036851175807
9, 13, 0, 9223372036854775807, 0, 9223372036850875807
9, 14, 0, 9223372036854775807, 0, 9223372036850575807
9, 15, 0, 9223372036854775807, 0, 9223372036850275807
9, 16, 0, 9223372036854775807, 0, 9223372036849975807
9, 17, 0, 9223372036854775807, 0, 9223372036849675807
9, 18, 0, 9223372036854775807, 0, 9223372036849375807
9, 19, 0, 9223372036854775807, 0, 9223372036849075807
9, 20, 0, 9223372036854775807, 0, 9223372036848775807
9, 21, 0, 9223372036854775807, 0, 9223372036848475807
9, 22, 0, 9223372036854775807, 0, 9223372036848175807
9, 23, 0, 9223372036854775807, 0, 9223372036847875807
9, 24, 0, 9223372036854775807, 0, 9223372036847575807
9, 25, 0, 9223372036854775807, 0, 9223372036847275807
9, 26, 0, 9223372036854775807, 0, 9223372036846975807
9, 27, 0, 9223372036854775807, 0, 9223372036846675807
9, 28, 0, 9223372036854775807, 0, 9223372036846375807
9, 29, 0, 9223372036854775807, 0, 9223372036846075807
9, 30, 0, 9223372036854775807, 0, 9223372036845775807
9, 31, 0, 9223372036854775807, 0, 9223372036845475807
9, 32, 0, 9223372036854775807, 0, 9223372036845175807
9, 33, 0, 9223372036854775807, 0, 9223372036844875807
9, 34, 0, 9223372036854775807, 0, 9223372036844575807
9, 35, 0, 9223372036854775807, 0, 9223372036844275807
9, 36, 0, 9223372036854775807, 0, 9223372036843975807
9, 37, 0, 9223372036854775807, 0, 9223372036843675807
9, 38, 0, 9223372036854775807, 0, 9223372036843375807
9, 39, 0, 9223372036854775807, 0, 9223372036843075807
9, 40, 0, 9223372036854775807, 0, 9223372036842775807
9, 41, 0, 9223372036854775807, 0, 9223372036842475807
9, 42, 0, 9223372036854775807, 0, 9223372036842175807
9, 43, 0, 9223372036854775807, 0, 9223372036841875807
9, 44, 0, 9223372036854775807, 0, 9223372036841575807
9, 45, 0, 9223372036854775807, 0, 9223372036841275807
9, 46, 0, 9223372036854775807, 0, 9223372036840975807
9, 47, 0, 9223372036854775807, 0, 9223372036840675807
9, 48, 0, 9223372036854775807, 0, 9223372036840375807
9, 49, 0, 9223372036854775807, 0, 9223372036840075807
9, 50, 0, 9223372036854775807, 0, 9223372036839775807
9, 51, 0, 9223372036854775807, 0, 9223372036839475807
9, 52, 0, 9223372036854775807, 0, 9223372036839175807
9, 53, 0, 9223372036854775807, 0, 9223372036838875807
9, 54, 0, 9223372036854775807, 0, 9223372036838575807
9, 55, 0, 9223372036854775807, 0, 9223372036838275807
9, 56, 0, 9223372036854775807, 0, 9223372036837975807
9, 57, 0, 9223372036854775807, 0, 9223372036837675807
9, 58, 0, 9223372036854775807, 0, 9223372036837375807
9, 59, 0, 9223372036854775807, 0, 9223372036837075807
9, 60, 0, 9223372036854775807, 0, 9223372036836775807
9, 61, 0, 9223372036854775807, 0, 9223372036836475807
9, 62, 0, 9223372036854775807, 0, 9223372036836175807
9, 63, 0, 9223372036854775807, 0, 9223372036835875807
9, 64, 0, 9223372036854775807, 0, 9223372036835575807
9, 65, 0, 9223372036854775807, 0, 9223372036835275807
9, 66, 0, 9223372036854775807, 0, 9223372036834975807
9, 67, 0, 9223372036854775807, 0, 9223372036834675807
9, 68, 0, 9223372036854775807, 0, 9223372036834375807
9, 69, 0, 9223372036854775807, 0, 9223372036834075807
9, 70, 0, 9223372036854775807, 0, 9223372036833775807
9, 71, 0, 9223372036854775807, 0, 9223372036833475807
9, 72, 0, 9223372036854775807, 0, 9223372036833175807
9, 73, 0, 9223372036854775807, 0, 9223372036832875807
9, 74, 0, 9223372036854775807, 0, 9223372036832575807
9, 75, 0, 9223372036854775807, 0, 9223372036832275807
9, 76, 0, 9223372036854775807, 0, 9223372036831975807
9, 77, 0, 9223372036854775807, 0, 9223372036831675807
9, 78, 0, 9223372036854775807, 0, 9223372036831375807
9, 79, 0, 9223372036854775807, 0, 9223372036831075807
9, 80, 0, 9223372036854775807, 0, 9223372036830775807
9, 81, 0, 9223372036854775807, 0, 9223372036830475807
9, 82, 0, 9223372036854775807, 0, 9223372036830175807
9, 83, 0, 9223372036854775807, 0, 9223372036829875807
9, 84, 0, 9223372036854775807, 0, 9223372036829575807
9, 85, 0, 9223372036854775807, 0, 9223372036829275807
9, 86, 0, 9223372036854775807, 0, 9223372036828975807
9, 87, 0, 9223372036854775807, 0, 9223372036828675807
9, 88, 0, 9223372036854775807, 0, 9223372036828375807
9, 89, 0, 9223372036854775807, 0, 9223372036828075807
9, 90, 0, 9223372036854775807, 0, 9223372036827775807
9, 91, 0, 9223372036854775807, 0, 9223372036827475807
9, 92, 0, 9223372036854775807, 0, 9223372036827175807
9, 93, 0, 9223372036854775807, 0, 9223372036826875807
9, 94, 0, 9223372036854775807, 0, 9223372036826575807
9, 95, 0, 9223372036854775807, 0, 9223372036826275807
9, 96, 0, 9223372036854775807, 0, 9223372036825975807
9, 97, 0, 9223372036854775807, 0, 9223372036825675807
9, 98, 0, 9223372036854775807, 0, 9223372036825375807
9, 99, 0, 9223372036854775807, 0, 9223372036825075807
9, 100, 0, 9223372036854775807, 0, 9223372036824775807
9, 101, 0, 9223372036854775807, 0, 9223372036824475807
9, 102, 0, 9223372036854775807, 0, 9223372036824175807
9, 103, 0, 9223372036854775807, 0, 9223372036823875807
9, 104, 0, 9223372036854775807, 0, 9223372036823575807
9, 105, 0, 9223372036854775807, 0, 9223372036823275807
9, 106, 0, 9223372036854775807, 0, 9223372036822975807
9, 107, 0, 9223372036854775807, 0, 9223372036822675807
9, 108, 0, 9223372036854775807, 0, 9223372036822375807
9, 109, 0, 9223372036854775807, 0, 9223372036822075807
9, 110, 0, 9223372036854775807, 0, 9223372036821775807
9, 111, 0, 9223372036854775807, 0, 9223372036821475807
9, 112, 0, 9223372036854775807, 0, 9223372036821175807
9, 113, 0, 9223372036854775807, 0, 9223372036820875807
9, 114, 0, 9223372036854775807, 0, 9223372036820575807
9, 115, 0, 9223372036854775807, 0, 9223372036820275807
9, 116, 0, 9223372036854775807, 0, 9223372036819975807
9, 117, 0, 9223372036854775807, 0, 9223372036819675807
9, 118, 0, 9223372036854775807, 0, 9223372036819375807
9, 119, 0, 9223372036854775807, 0, 9223372036819075807
9, 120, 0, 9223372036854775807, 0, 9223372036818775807
9, 121, 0, 9223372036854775807, 0, 9223372036818475807
9, 122, 0, 9223372036854775807, 0, 9223372036818175807
9, 123, 0, 9223372036854775807, 0, 9223372036817875807
9, 124, 0, 9223372036854775807, 0, 9223372036817575807
9, 125, 0, 9223372036854775807, 0, 9223372036817275807
9, 126, 0, 9223372036854775807, 0, 9223372036816975807
9, 127, 0, 9223372036854775807, 0, 9223372036816675807
9, 128, 0, 9223372036854775807, 0, 9223372036816375807
9, 129, 0, 9223372036854775807, 0, 9223372036816075807
9, 130, 0, 9223372036854775807, 0, 9223372036815775807
9, 131, 0, 9223372036854775807, 0, 9223372036815475807
9, 132, 0, 9223372036854775807, 0, 9223372036815175807
9, 133, 0, 9223372036854775807, 0, 9223372036814875807
9, 134, 0, 9223372036854775807, 0, 9223372036814575807
9, 135, 0, 9223372036854775807, 0, 9223372036814275807
9, 136, 0, 9223372036854775807, 0, 9223372036813975807
9, 137, 0, 9223372036854775807, 0, 9223372036813675807
9, 138, 0, 9223372036854775807, 0, 9223372036813375807
9, 139, 0, 9223372036854775807, 0, 9223372036813075807
10, 0, 184171, 302010, 184171, 302010
10, 1, 0, 9223372036854775807, 0, 9223372036854475807
10, 2, 0, 9223372036854775807, 0, 9223372036854175807
10, 3, 0, 9223372036854775807, 0, 9223372036853875807
10, 4, 0, 9223372036854775807, 0, 9223372036853575807
10, 5, 0, 9223372036854775807, 0, 9223372036853275807
10, 6, 0, 9223372036854775807, 0, 9223372036852975807
10, 7, 0, 9223372036854775807, 0, 9223372036852675807
10, 8, 0, 9223372036854775807, 0, 9223372036852375807
10, 9, 0, 9223372036854775807, 0, 9223372036852075807
10, 10, 0, 9223372036854775807, 0, 9223372036851775807
10, 11, 0, 9223372036854775807, 0, 9223372036851475807
10, 12, 0, 9223372036854775807, 0, 9223372036851175807
10, 13, 0, 9223372036854775807, 0, 9223372036850875807
10, 14, 0, 9223372036854775807, 0, 9223372036850575807
10, 15, 0, 9223372036854775807, 0, 9223372036850275807
10, 16, 0, 9223372036854775807, 0, 9223372036849975807
10, 17, 0, 9223372036854775807, 0, 9223372036849675807
10, 18, 0, 9223372036854775807, 0, 9223372036849375807
10, 19, 0, 9223372036854775807, 0, 9223372036849075807
10, 20, 0, 9223372036854775807, 0, 9223372036848775807
10, 21, 0, 9223372036854775807, 0, 9223372036848475807
10, 22, 0, 9223372036854775807, 0, 9223372036848175807
10, 23, 0, 9223372036854775807, 0, 9223372036847875807
10, 24, 0, 9223372036854775807, 0, 9223372036847575807
10, 25, 0, 9223372036854775807, 0, 9223372036847275807
10, 26, 0, 9223372036854775807, 0, 9223372036846975807
10, 27, 0, 9223372036854775807, 0, 9223372036846675807
10, 28, 0, 9223372036854775807, 0, 9223372036846375807
10, 29, 0, 9223372036854775807, 0, 9223372036846075807
10, 30, 0, 9223372036854775807, 0, 9223372036845775807
10, 31, 0, 9223372036854775807, 0, 9223372036845475807
10, 32, 0, 9223372036854775807, 0, 9223372036845175807
10, 33, 0, 9223372036854775807, 0, 9223372036844875807
10, 34, 0, 9223372036854775807, 0, 9223372036844575807
10, 35, 0, 9223372036854775807, 0, 9223372036844275807
10, 36, 0, 9223372036854775807, 0, 9223372036843975807
10, 37, 0, 9223372036854775807, 0, 9223372036843675807
10, 38, 0, 9223372036854775807, 0, 9223372036843375807
10, 39, 0, 9223372036854775807, 0, 9223372036843075807
10, 40, 0, 9223372036854775807, 0, 9223372036842775807
10, 41, 0, 9223372036854775807, 0, 9223372036842475807
10, 42, 0, 9223372036854775807, 0, 9223372036842175807
10, 43, 0, 9223372036854775807, 0, 9223372036841875807
10, 44, 0, 9223372036854775807, 0, 9223372036841575807
10, 45, 0, 9223372036854775807, 0, 9223372036841275807
10, 46, 0, 9223372036854775807, 0, 9223372036840975807
10, 47, 0, 9223372036854775807, 0, 9223372036840675807
10, 48, 0, 9223372036854775807, 0, 9223372036840375807
10, 49, 0, 9223372036854775807, 0, 9223372036840075807
10, 50, 0, 9223372036854775807, 0, 9223372036839775807
10, 51, 0, 9223372036854775807, 0, 9223372036839475807
10, 52, 0, 9223372036854775807, 0, 9223372036839175807
10, 53, 0, 9223372036854775807, 0, 9223372036838875807
10, 54, 0, 9223372036854775807, 0, 9223372036838575807
10, 55, 0, 9223372036854775807, 0, 9223372036838275807
10, 56, 0, 9223372036854775807, 0, 9223372036837975807
10, 57, 0, 9223372036854775807, 0, 9223372036837675807
10, 58, 0, 9223372036854775807, 0, 9223372036837375807
10, 59, 0, 9223372036854775807, 0, 9223372036837075807
10, 60, 0, 9223372036854775807, 0, 9223372036836775807
10, 61, 0, 9223372036854775807, 0, 9223372036836475807
10, 62, 0, 9223372036854775807, 0, 9223372036836175807
10, 63, 0, 9223372036854775807, 0, 9223372036835875807
10, 64, 0, 9223372036854775807, 0, 9223372036835575807
10, 65, 0, 9223372036854775807, 0, 9223372036835275807
10, 66, 0, 9223372036854775807, 0, 9223372036834975807
10, 67, 0, 9223372036854775807, 0, 9223372036834675807
10, 68, 0, 9223372036854775807, 0, 9223372036834375807
10, 69, 0, 9223372036854775807, 0, 9223372036834075807
10, 70, 0, 9223372036854775807, 0, 9223372036833775807
10, 71, 0, 9223372036854775807, 0, 9223372036833475807
10, 72, 0, 9223372036854775807, 0, 9223372036833175807
10, 73, 0, 9223372036854775807, 0, 9223372036832875807
10, 74, 0, 9223372036854775807, 0, 9223372036832575807
10, 75, 0, 9223372036854775807, 0, 9223372036832275807
10, 76, 0, 9223372036854775807, 0, 9223372036831975807
10, 77, 0, 9223372036854775807, 0, 9223372036831675807
10, 78, 0, 9223372036854775807, 0, 9223372036831375807
10, 79, 0, 9223372036854775807, 0, 9223372036831075807
10, 80, 0, 9223372036854775807, 0, 9223372036830775807
10, 81, 0, 9223372036854775807, 0, 9223372036830475807
10, 82, 0, 9223372036854775807, 0, 9223372036830175807
10, 83, 0, 9223372036854775807, 0, 9223372036829875807
10, 84, 0, 9223372036854775807, 0, 9223372036829575807
10, 85, 0, 9223372036854775807, 0, 9223372036829275807
10, 86, 0, 9223372036854775807, 0, 9223372036828975807
10, 87, 0, 9223372036854775807, 0, 9223372036828675807
10, 88, 0, 9223372036854775807, 0, 9223372036828375807
10, 89, 0, 9223372036854775807, 0, 9223372036828075807
10, 90, 0, 9223372036854775807, 0, 9223372036827775807
10, 91, 0, 9223372036854775807, 0, 9223372036827475807
10, 92, 0, 9223372036854775807, 0, 9223372036827175807
10, 93, 0, 9223372036854775807, 0, 9223372036826875807
10, 94, 0, 9223372036854775807, 0, 9223372036826575807
10, 95, 0, 9223372036854775807, 0, 9223372036826275807
10, 96, 0, 9223372036854775807, 0, 9223372036825975807
10, 97, 0, 9223372036854775807, 0, 9223372036825675807
10, 98, 0, 9223372036854775807, 0, 9223372036825375807
10, 99, 0, 9223372036854775807, 0, 9223372036825075807
10, 100, 0, 9223372036854775807, 0, 9223372036824775807
10, 101, 0, 9223372036854775807, 0, 9223372036824475807
10, 102, 0, 9223372036854775807, 0, 9223372036824175807
10, 103, 0, 9223372036854775807, 0, 9223372036823875807
10, 104, 0, 9223372036854775807, 0, 9223372036823575807
10, 105, 0, 9223372036854775807, 0, 9223372036823275807
10, 106, 0, 9223372036854775807, 0, 9223372036822975807
10, 107, 0, 9223372036854775807, 0, 9223372036822675807
10, 108, 0, 9223372036854775807, 0, 9223372036822375807
10, 109, 0, 9223372036854775807, 0, 9223372036822075807
10, 110, 0, 9223372036854775807, 0, 9223372036821775807
10, 111, 0, 9223372036854775807, 0, 9223372036821475807
10, 112, 0, 9223372036854775807, 0, 9223372036821175807
10, 113, 0, 9223372036854775807, 0, 9223372036820875807
10, 114, 0, 9223372036854775807, 0, 9223372036820575807
10, 115, 0, 9223372036854775807, 0, 9223372036820275807
10, 116, 0, 9223372036854775807, 0, 9223372036819975807
10, 117, 0, 9223372036854775807, 0, 9223372036819675807
10, 118, 0, 9223372036854775807, 0, 9223372036819375807
10, 119, 0, 9223372036854775807, 0, 9223372036819075807
10, 120, 0, 9223372036854775807, 0, 9223372036818775807
10, 121, 0, 9223372036854775807, 0, 9223372036818475807
10, 122, 0, 9223372036854775807, 0, 9223372036818175807
10, 123, 0, 9223372036854775807, 0, 9223372036817875807
10, 124, 0, 9223372036854775807, 0, 9223372036817575807
10, 125, 0, 9223372036854775807, 0, 9223372036817275807
10, 126, 0, 9223372036854775807, 0, 9223372036816975807
10, 127, 0, 9223372036854775807, 0, 9223372036816675807
10, 128, 0, 9223372036854775807, 0, 9223372036816375807
10, 129, 0, 9223372036854775807, 0, 9223372036816075807
10, 130, 0, 9223372036854775807, 0, 9223372036815775807
10, 131, 0, 9223372036854775807, 0, 9223372036815475807
10, 132, 0, 9223372036854775807, 0, 9223372036815175807
10, 133, 0, 9223372036854775807, 0, 9223372036814875807
10, 134, 0, 9223372036854775807, 0, 9223372036814575807
10, 135, 0, 9223372036854775807, 0, 9223372036814275807
10, 136, 0, 9223372036854775807, 0, 9223372036813975807
10, 137, 0, 9223372036854775807, 0, 9223372036813675807
10, 138, 0, 9223372036854775807, 0, 9223372036813375807
10, 139, 0, 9223372036854775807, 0, 9223372036813075807
11, 0, 19396, 102053, 19396, 102053
11, 1, 0, 9223372036854775807, 0, 9223372036854425807
11, 2, 0, 9223372036854775807, 0, 9223372036854075807
11, 3, 0, 9223372036854775807, 0, 9223372036853725807
11, 4, 0, 9223372036854775807, 0, 9223372036853375807
11, 5, 0, 9223372036854775807, 0, 9223372036853025807
11, 6, 0, 9223372036854775807, 0, 9223372036852675807
11, 7, 0, 9223372036854775807, 0, 9223372036852325807
11, 8, 0, 9223372036854775807, 0, 9223372036851975807
11, 9, 0, 9223372036854775807, 0, 9223372036851625807
11, 10, 0, 9223372036854775807, 0, 9223372036851275807
11, 11, 0, 9223372036854775807, 0, 9223372036850925807
11, 12, 0, 9223372036854775807, 0, 9223372036850575807
11, 13, 0, 9223372036854775807, 0, 9223372036850225807
11, 14, 0, 9223372036854775807, 0, 9223372036849875807
11, 15, 0, 9223372036854775807, 0, 9223372036849525807
11, 16, 0, 9223372036854775807, 0, 9223372036849175807
11, 17, 0, 9223372036854775807, 0, 9223372036848825807
11, 18, 0, 9223372036854775807, 0, 9223372036848475807
11, 19, 0, 9223372036854775807, 0, 9223372036848125807
11, 20, 0, 9223372036854775807, 0, 9223372036847775807
11, 21, 0, 9223372036854775807, 0, 9223372036847425807
11, 22, 0, 9223372036854775807, 0, 9223372036847075807
11, 23, 0, 9223372036854775807, 0, 9223372036846725807
11, 24, 0, 9223372036854775807, 0, 9223372036846375807
11, 25, 0, 9223372036854775807, 0, 9223372036846025807
11, 26, 0, 9223372036854775807, 0, 9223372036845675807
11, 27, 0, 9223372036854775807, 0, 9223372036845325807
11, 28, 0, 9223372036854775807, 0, 9223372036844975807
11, 29, 0, 9223372036854775807, 0, 9223372036844625807
11, 30, 0, 9223372036854775807, 0, 9223372036844275807
11, 31, 0, 9223372036854775807, 0, 9223372036843925807
11, 32, 0, 9223372036854775807, 0, 9223372036843575807
11, 33, 0, 9223372036854775807, 0, 9223372036843225807
11, 34, 0, 9223372036854775807, 0, 9223372036842875807
11, 35, 0, 9223372036854775807, 0, 9223372036842525807
11, 36, 0, 9223372036854775807, 0, 9223372036842175807
11, 37, 0, 9223372036854775807, 0, 9223372036841825807
11, 38, 0, 9223372036854775807, 0, 9223372036841475807
11, 39, 0, 9223372036854775807, 0, 9223372036841125807
11, 40, 0, 9223372036854775807, 0, 9223372036840775807
11, 41, 0, 9223372036854775807, 0, 9223372036840425807
11, 42, 0, 9223372036854775807, 0, 9223372036840075807
11, 43, 0, 9223372036854775807, 0, 9223372036839725807
11, 44, 0, 9223372036854775807, 0, 9223372036839375807
11, 45, 0, 9223372036854775807, 0, 9223372036839025807
11, 46, 0, 9223372036854775807, 0, 9223372036838675807
11, 47, 0, 9223372036854775807, 0, 9223372036838325807
11, 48, 0, 9223372036854775807, 0, 9223372036837975807
11, 49, 0, 9223372036854775807, 0, 9223372036837625807
11, 50, 0, 9223372036854775807, 0, 9223372036837275807
11, 51, 0, 9223372036854775807, 0, 9223372036836925807
11, 52, 0, 9223372036854775807, 0, 9223372036836575807
11, 53, 0, 9223372036854775807, 0, 9223372036836225807
11, 54, 0, 9223372036854775807, 0, 9223372036835875807
11, 55, 0, 9223372036854775807, 0, 9223372036835525807
11, 56, 0, 9223372036854775807, 0, 9223372036835175807
11, 57, 0, 9223372036854775807, 0, 9223372036834825807
11, 58, 0, 9223372036854775807, 0, 9223372036834475807
11, 59, 0, 9223372036854775807, 0, 9223372036834125807
11, 60, 0, 9223372036854775807, 0, 9223372036833775807
11, 61, 0, 9223372036854775807, 0, 9223372036833425807
11, 62, 0, 9223372036854775807, 0, 9223372036833075807
11, 63, 0, 9223372036854775807, 0, 9223372036832725807
11, 64, 0, 9223372036854775807, 0, 9223372036832375807
11, 65, 0, 9223372036854775807, 0, 9223372036832025807
11, 66, 0, 9223372036854775807, 0, 9223372036831675807
11, 67, 0, 9223372036854775807, 0, 9223372036831325807
11, 68, 0, 9223372036854775807, 0, 9223372036830975807
11, 69, 0, 9223372036854775807, 0, 9223372036830625807
11, 70, 0, 9223372036854775807, 0, 9223372036830275807
11, 71, 0, 9223372036854775807, 0, 9223372036829925807
11, 72, 0, 9223372036854775807, 0, 9223372036829575807
11, 73, 0, 9223372036854775807, 0, 9223372036829225807
11, 74, 0, 9223372036854775807, 0, 9223372036828875807
11, 75, 0, 9223372036854775807, 0, 9223372036828525807
11, 76, 0, 9223372036854775807, 0, 9223372036828175807
11, 77, 0, 9223372036854775807, 0, 9223372036827825807
11, 78, 0, 9223372036854775807, 0, 9223372036827475807
11, 79, 0, 9223372036854775807, 0, 9223372036827125807
11, 80, 0, 9223372036854775807, 0, 9223372036826775807
11, 81, 0, 9223372036854775807, 0, 9223372036826425807
11, 82, 0, 9223372036854775807, 0, 9223372036826075807
11, 83, 0, 9223372036854775807, 0, 9223372036825725807
11, 84, 0, 9223372036854775807, 0, 9223372036825375807
11, 85, 0, 9223372036854775807, 0, 9223372036825025807
11, 86, 0, 9223372036854775807, 0, 9223372036824675807
11, 87, 0, 9223372036854775807, 0, 9223372036824325807
11, 88, 0, 9223372036854775807, 0, 9223372036823975807
11, 89, 0, 9223372036854775807, 0, 9223372036823625807
11, 90, 0, 9223372036854775807, 0, 9223372036823275807
11, 91, 0, 9223372036854775807, 0, 9223372036822925807
11, 92, 0, 9223372036854775807, 0, 9223372036822575807
11, 93, 0, 9223372036854775807, 0, 9223372036822225807
11, 94, 0, 9223372036854775807, 0, 9223372036821875807
11, 95, 0, 9223372036854775807, 0, 9223372036821525807
11, 96, 0, 9223372036854775807, 0, 9223372036821175807
11, 97, 0, 9223372036854775807, 0, 9223372036820825807
11, 98, 0, 9223372036854775807, 0, 9223372036820475807
11, 99, 0, 9223372036854775807, 0, 9223372036820125807
11, 100, 0, 9223372036854775807, 0, 9223372036819775807
11, 101, 0, 9223372036854775807, 0, 9223372036819425807
11, 102, 0, 9223372036854775807, 0, 9223372036819075807
11, 103, 0, 9223372036854775807, 0, 9223372036818725807
11, 104, 0, 9223372036854775807, 0, 9223372036818375807
11, 105, 0, 9223372036854775807, 0, 9223372036818025807
11, 106, 0, 9223372036854775807, 0, 9223372036817675807
11, 107, 0, 9223372036854775807, 0, 9223372036817325807
11, 108, 0, 9223372036854775807, 0, 9223372036816975807
11, 109, 0, 9223372036854775807, 0, 9223372036816625807
11, 110, 0, 9223372036854775807, 0, 9223372036816275807
11, 111, 0, 9223372036854775807, 0, 9223372036815925807
11, 112, 0, 9223372036854775807, 0, 9223372036815575807
11, 113, 0, 9223372036854775807, 0, 9223372036815225807
11, 114, 0, 9223372036854775807, 0, 9223372036814875807
11, 115, 0, 9223372036854775807, 0, 9223372036814525807
11, 116, 0, 9223372036854775807, 0, 9223372036814175807
11, 117, 0, 9223372036854775807, 0, 9223372036813825807
11, 118, 0, 9223372036854775807, 0, 9223372036813475807
11, 119, 0, 9223372036854775807, 0, 9223372036813125807
12, 0, 5482, 7052, 5482, 7052
12, 1, 0, 9223372036854775807, 0, 9223372036854375807
12, 2, 0, 9223372036854775807, 0, 9223372036853975807
12, 3, 0, 9223372036854775807, 0, 9223372036853575807
12, 4, 0, 9223372036854775807, 0, 9223372036853175807
12, 5, 0, 9223372036854775807, 0, 9223372036852775807
12, 6, 0, 9223372036854775807, 0, 9223372036852375807
12, 7, 0, 9223372036854775807, 0, 9223372036851975807
12, 8, 0, 9223372036854775807, 0, 9223372036851575807
12, 9, 0, 9223372036854775807, 0, 9223372036851175807
12, 10, 0, 9223372036854775807, 0, 9223372036850775807
12, 11, 0, 9223372036854775807, 0, 9223372036850375807
12, 12, 0, 9223372036854775807, 0, 9223372036849975807
12, 13, 0, 9223372036854775807, 0, 9223372036849575807
12, 14, 0, 9223372036854775807, 0, 9223372036849175807
12, 15, 0, 9223372036854775807, 0, 9223372036848775807
12, 16, 0, 9223372036854775807, 0, 9223372036848375807
12, 17, 0, 9223372036854775807, 0, 9223372036847975807
12, 18, 0, 9223372036854775807, 0, 9223372036847575807
12, 19, 0, 9223372036854775807, 0, 9223372036847175807
12, 20, 0, 9223372036854775807, 0, 9223372036846775807
12, 21, 0, 9223372036854775807, 0, 9223372036846375807
12, 22, 0, 9223372036854775807, 0, 9223372036845975807
12, 23, 0, 9223372036854775807, 0, 9223372036845575807
12, 24, 0, 9223372036854775807, 0, 9223372036845175807
12, 25, 0, 9223372036854775807, 0, 9223372036844775807
12, 26, 0, 9223372036854775807, 0, 9223372036844375807
12, 27, 0, 9223372036854775807, 0, 9223372036843975807
12, 28, 0, 9223372036854775807, 0, 9223372036843575807
12, 29, 0, 9223372036854775807, 0, 9223372036843175807
12, 30, 0, 9223372036854775807, 0, 9223372036842775807
12, 31, 0, 9223372036854775807, 0, 9223372036842375807
12, 32, 0, 9223372036854775807, 0, 9223372036841975807
12, 33, 0, 9223372036854775807, 0, 9223372036841575807
12, 34, 0, 9223372036854775807, 0, 9223372036841175807
12, 35, 0, 9223372036854775807, 0, 9223372036840775807
12, 36, 0, 9223372036854775807, 0, 9223372036840375807
12, 37, 0, 9223372036854775807, 0, 9223372036839975807
12, 38, 0, 9223372036854775807, 0, 9223372036839575807
12, 39, 0, 9223372036854775807, 0, 9223372036839175807
12, 40, 0, 9223372036854775807, 0, 9223372036838775807
12, 41, 0, 9223372036854775807, 0, 9223372036838375807
12, 42, 0, 9223372036854775807, 0, 9223372036837975807
12, 43, 0, 9223372036854775807, 0, 9223372036837575807
12, 44, 0, 9223372036854775807, 0, 9223372036837175807
12, 45, 0, 9223372036854775807, 0, 9223372036836775807
12, 46, 0, 9223372036854775807, 0, 9223372036836375807
12, 47, 0, 9223372036854775807, 0, 9223372036835975807
12, 48, 0, 9223372036854775807, 0, 9223372036835575807
12, 49, 0, 9223372036854775807, 0, 9223372036835175807
12, 50, 0, 9223372036854775807, 0, 9223372036834775807
12, 51, 0, 9223372036854775807, 0, 9223372036834375807
12, 52, 0, 9223372036854775807, 0, 9223372036833975807
12, 53, 0, 9223372036854775807, 0, 9223372036833575807
12, 54, 0, 9223372036854775807, 0, 9223372036833175807
12, 55, 0, 9223372036854775807, 0, 9223372036832775807
12, 56, 0, 9223372036854775807, 0, 9223372036832375807
12, 57, 0, 9223372036854775807, 0, 9223372036831975807
12, 58, 0, 9223372036854775807, 0, 9223372036831575807
12, 59, 0, 9223372036854775807, 0, 9223372036831175807
12, 60, 0, 9223372036854775807, 0, 9223372036830775807
12, 61, 0, 9223372036854775807, 0, 9223372036830375807
12, 62, 0, 9223372036854775807, 0, 9223372036829975807
12, 63, 0, 9223372036854775807, 0, 9223372036829575807
12, 64, 0, 9223372036854775807, 0, 9223372036829175807
12, 65, 0, 9223372036854775807, 0, 9223372036828775807
12, 66, 0, 9223372036854775807, 0, 9223372036828375807
12, 67, 0, 9223372036854775807, 0, 9223372036827975807
12, 68, 0, 9223372036854775807, 0, 9223372036827575807
12, 69, 0, 9223372036854775807, 0, 9223372036827175807
12, 70, 0, 9223372036854775807, 0, 9223372036826775807
12, 71, 0, 9223372036854775807, 0, 9223372036826375807
12, 72, 0, 9223372036854775807, 0, 9223372036825975807
12, 73, 0, 9223372036854775807, 0, 9223372036825575807
12, 74, 0, 9223372036854775807, 0, 9223372036825175807
12, 75, 0, 9223372036854775807, 0, 9223372036824775807
12, 76, 0, 9223372036854775807, 0, 9223372036824375807
12, 77, 0, 9223372036854775807, 0, 9223372036823975807
12, 78, 0, 9223372036854775807, 0, 9223372036823575807
12, 79, 0, 9223372036854775807, 0, 9223372036823175807
12, 80, 0, 9223372036854775807, 0, 9223372036822775807
12, 81, 0, 9223372036854775807, 0, 9223372036822375807
12, 82, 0, 9223372036854775807, 0, 9223372036821975807
12, 83, 0, 9223372036854775807, 0, 9223372036821575807
12, 84, 0, 9223372036854775807, 0, 9223372036821175807
12, 85, 0, 9223372036854775807, 0, 9223372036820775807
12, 86, 0, 9223372036854775807, 0, 9223372036820375807
12, 87, 0, 9223372036854775807, 0, 9223372036819975807
12, 88, 0, 9223372036854775807, 0, 9223372036819575807
12, 89, 0, 9223372036854775807, 0, 9223372036819175807
12, 90, 0, 9223372036854775807, 0, 9223372036818775807
12, 91, 0, 9223372036854775807, 0, 9223372036818375807
12, 92, 0, 9223372036854775807, 0, 9223372036817975807
12, 93, 0, 9223372036854775807, 0, 9223372036817575807
12, 94, 0, 9223372036854775807, 0, 9223372036817175807
12, 95, 0, 9223372036854775807, 0, 9223372036816775807
12, 96, 0, 9223372036854775807, 0, 9223372036816375807
12, 97, 0, 9223372036854775807, 0, 9223372036815975807
12, 98, 0, 9223372036854775807, 0, 9223372036815575807
12, 99, 0, 9223372036854775807, 0, 9223372036815175807
12, 100, 0, 9223372036854775807, 0, 9223372036814775807
12, 101, 0, 9223372036854775807, 0, 9223372036814375807
12, 102, 0, 9223372036854775807, 0, 9223372036813975807
12, 103, 0, 9223372036854775807, 0, 9223372036813575807
12, 104, 0, 9223372036854775807, 0, 9223372036813175807
13, 0, 50396, 63195, 50396, 63195
13, 1, 0, 9223372036854775807, 0, 9223372036854175807
13, 2, 0, 9223372036854775807, 0, 9223372036853575807
13, 3, 0, 9223372036854775807, 0, 9223372036852975807
13, 4, 0, 9223372036854775807, 0, 9223372036852375807
13, 5, 0, 9223372036854775807, 0, 9223372036851775807
13, 6, 0, 9223372036854775807, 0, 9223372036851175807
13, 7, 0, 9223372036854775807, 0, 9223372036850575807
13, 8, 0, 9223372036854775807, 0, 9223372036849975807
13, 9, 0, 9223372036854775807, 0, 9223372036849375807
13, 10, 0, 9223372036854775807, 0, 9223372036848775807
13, 11, 0, 9223372036854775807, 0, 9223372036848175807
13, 12, 0, 9223372036854775807, 0, 9223372036847575807
13, 13, 0, 9223372036854775807, 0, 9223372036846975807
13, 14, 0, 9223372036854775807, 0, 9223372036846375807
13, 15, 0, 9223372036854775807, 0, 9223372036845775807
13, 16, 0, 9223372036854775807, 0, 9223372036845175807
13, 17, 0, 9223372036854775807, 0, 9223372036844575807
13, 18, 0, 9223372036854775807, 0, 9223372036843975807
13, 19, 0, 9223372036854775807, 0, 9223372036843375807
13, 20, 0, 9223372036854775807, 0, 9223372036842775807
13, 21, 0, 9223372036854775807, 0, 9223372036842175807
13, 22, 0, 9223372036854775807, 0, 9223372036841575807
13, 23, 0, 9223372036854775807, 0, 9223372036840975807
13, 24, 0, 9223372036854775807, 0, 9223372036840375807
13, 25, 0, 9223372036854775807, 0, 9223372036839775807
13, 26, 0, 9223372036854775807, 0, 9223372036839175807
13, 27, 0, 9223372036854775807, 0, 9223372036838575807
13, 28, 0, 9223372036854775807, 0, 9223372036837975807
13, 29, 0, 9223372036854775807, 0, 9223372036837375807
13, 30, 0, 9223372036854775807, 0, 9223372036836775807
13, 31, 0, 9223372036854775807, 0, 9223372036836175807
13, 32, 0, 9223372036854775807, 0, 9223372036835575807
13, 33, 0, 9223372036854775807, 0, 9223372036834975807
13, 34, 0, 9223372036854775807, 0, 9223372036834375807
13, 35, 0, 9223372036854775807, 0, 9223372036833775807
13, 36, 0, 9223372036854775807, 0, 9223372036833175807
13, 37, 0, 9223372036854775807, 0, 9223372036832575807
13, 38, 0, 9223372036854775807, 0, 9223372036831975807
13, 39, 0, 9223372036854775807, 0, 9223372036831375807
13, 40, 0, 9223372036854775807, 0, 9223372036830775807
13, 41, 0, 9223372036854775807, 0, 9223372036830175807
13, 42, 0, 9223372036854775807, 0, 9223372036829575807
13, 43, 0, 9223372036854775807, 0, 9223372036828975807
13, 44, 0, 9223372036854775807, 0, 9223372036828375807
13, 45, 0, 9223372036854775807, 0, 9223372036827775807
13, 46, 0, 9223372036854775807, 0, 9223372036827175807
13, 47, 0, 9223372036854775807, 0, 9223372036826575807
13, 48, 0, 9223372036854775807, 0, 9223372036825975807
13, 49, 0, 9223372036854775807, 0, 9223372036825375807
13, 50, 0, 9223372036854775807, 0, 9223372036824775807
13, 51, 0, 9223372036854775807, 0, 9223372036824175807
13, 52, 0, 9223372036854775807, 0, 9223372036823575807
13, 53, 0, 9223372036854775807, 0, 9223372036822975807
13, 54, 0, 9223372036854775807, 0, 9223372036822375807
13, 55, 0, 9223372036854775807, 0, 9223372036821775807
13, 56, 0, 9223372036854775807, 0, 9223372036821175807
13, 57, 0, 9223372036854775807, 0, 9223372036820575807
13, 58, 0, 9223372036854775807, 0, 9223372036819975807
13, 59, 0, 9223372036854775807, 0, 9223372036819375807
13, 60, 0, 9223372036854775807, 0, 9223372036818775807
13, 61, 0, 9223372036854775807, 0, 9223372036818175807
13, 62, 0, 9223372036854775807, 0, 9223372036817575807
13, 63, 0, 9223372036854775807, 0, 9223372036816975807
13, 64, 0, 9223372036854775807, 0, 9223372036816375807
13, 65, 0, 9223372036854775807, 0, 9223372036815775807
13, 66, 0, 9223372036854775807, 0, 9223372036815175807
13, 67, 0, 9223372036854775807, 0, 9223372036814575807
13, 68, 0, 9223372036854775807, 0, 9223372036813975807
13, 69, 0, 9223372036854775807, 0, 9223372036813375807
